4.679089969514212854e-05
5.003900398240001477e-05
6.015113585901940183e-05
7.826856844814351324e-05
1.064222608758267377e-04
1.477361044911230123e-04
2.067323063157974598e-04
2.897616443560558502e-04
4.055903050143957371e-04
5.661855383837324264e-04
7.877545450928782715e-04
1.092104815544776017e-03
1.508409296076094683e-03
2.075475449473095698e-03
2.844631743197865905e-03
3.883354957413704626e-03
5.279761019898646102e-03
7.148061058509958855e-03
9.635027698831639259e-03
1.292740132295344159e-02
1.725995608382862451e-02
2.292354173169349960e-02
3.027103568890005328e-02
3.971031207948792080e-02
5.163585127945653774e-02
6.626173453103972877e-02
8.362718202999473716e-02
1.038016358410008555e-01
1.267848407053311088e-01
1.523448575212738298e-01
1.800011578559643499e-01
2.090738048151456197e-01
2.387584534989818097e-01
2.682170273019568452e-01
2.966690617860258672e-01
3.234656521310949051e-01
3.481336575003218248e-01
3.703874764948946186e-01
3.901140601740329394e-01
4.073411412443017632e-01
4.221988641332825032e-01
4.348826141547498247e-01
4.456216340466722658e-01
4.546552026761415122e-01
4.622162407097121783e-01
4.685211999017003248e-01
4.737647520888944586e-01
4.781178507430898228e-01
4.817279785790739011e-01
4.847206835201469666e-01
4.872017712839901149e-01
4.892597378967552535e-01
4.909681854617043428e-01
4.923880764047071090e-01
4.935697555982872520e-01
4.945547164038819332e-01
4.953771142301152675e-01
4.960650461180036164e-01
4.966416217451122272e-01
4.971258532538825881e-01
4.975333905462340778e-01
4.978771264828409926e-01
4.981676936030804415e-01
4.984138710241268755e-01
4.986229173518619828e-01
4.988008428742758960e-01
4.989526320611941124e-01
4.990824254674297578e-01
4.991936685100696880e-01
4.992892332333790928e-01
4.993715180514310403e-01
4.994425295346653915e-01
4.995039495499511428e-01
4.995571904462834945e-01
4.996034404754526315e-01
4.996437012283657109e-01
4.996788185358030931e-01
4.997095080130256606e-01
4.997363762091193151e-01
4.997599381445553823e-01
4.997806318764750899e-01
4.997988306142387427e-01
4.998148528126835077e-01
4.998289705931817095e-01
4.998414167795791063e-01
4.998523907846927905e-01
4.998620635411097357e-01
4.998705816357131293e-01
4.998780707792435662e-01
4.998846387191923646e-01
4.998903776853397818e-01
4.998953664416433962e-01
4.998996720053089371e-01
4.999033510831469296e-01
4.999064512664523896e-01
4.999090120182097530e-01
4.999110654801467435e-01
4.999126371218727827e-01
4.999137462497799667e-01
4.999144063894284118e-01
4.999146255516442872e-01
4.999144063894274126e-01
4.999137462497796336e-01
4.999126371218732268e-01
4.999110654801468545e-01
4.999090120182091979e-01
4.999064512664521676e-01
4.999033510831474847e-01
4.998996720053097698e-01
4.998953664416430631e-01
4.998903776853402259e-01
4.998846387191924756e-01
4.998780707792436773e-01
4.998705816357143505e-01
4.998620635411106239e-01
4.998523907846924574e-01
4.998414167795795504e-01
4.998289705931829308e-01
4.998148528126832857e-01
4.997988306142376880e-01
4.997806318764735356e-01
4.997599381445549382e-01
4.997363762091186490e-01
4.997095080130249944e-01
4.996788185358034262e-01
4.996437012283660439e-01
4.996034404754528535e-01
4.995571904462843826e-01
4.995039495499514759e-01
4.994425295346642812e-01
4.993715180514308183e-01
4.992892332333795369e-01
4.991936685100696880e-01
4.990824254674288696e-01
4.989526320611952226e-01
4.988008428742755629e-01
4.986229173518620938e-01
4.984138710241275416e-01
4.981676936030804415e-01
4.978771264828403265e-01
4.975333905462342998e-01
4.971258532538824215e-01
4.966416217451120607e-01
4.960650461180023951e-01
4.953771142301150454e-01
4.945547164038819332e-01
4.935697555982878626e-01
4.923880764047079417e-01
4.909681854617048424e-01
4.892597378967550314e-01
4.872017712839901149e-01
4.847206835201470221e-01
4.817279785790737900e-01
4.781178507430893232e-01
4.737647520888947361e-01
4.685211999017008244e-01
4.622162407097117343e-01
4.546552026761412901e-01
4.456216340466718773e-01
4.348826141547483815e-01
4.221988641332807268e-01
4.073411412443007085e-01
3.901140601740328284e-01
3.703874764948933418e-01
3.481336575003204370e-01
3.234656521310939614e-01
2.966690617860250900e-01
2.682170273019555129e-01
2.387584534989804219e-01
2.090738048151437600e-01
1.800011578559628234e-01
1.523448575212722200e-01
1.267848407053299986e-01
1.038016358409999396e-01
8.362718202999386286e-02
6.626173453103892386e-02
5.163585127945593406e-02
3.971031207948744896e-02
3.027103568889970980e-02
2.292354173169315612e-02
1.725995608382837818e-02
1.292740132295325424e-02
9.635027698831484869e-03
7.148061058509838292e-03
5.279761019898573243e-03
3.883354957413648247e-03
2.844631743197826006e-03
2.075475449473074014e-03
1.508409296076082106e-03
1.092104815544767994e-03
7.877545450928739347e-04
5.661855383837318843e-04
4.055903050144011581e-04
2.897616443560703243e-04
2.067323063158234807e-04
1.477361044911645915e-04
1.064222608758728299e-04
7.826856844818461806e-05
6.015113585904986791e-05
5.003900398241679280e-05
