4.679116547121551904e-05
5.003928756477212458e-05
6.015147484293042503e-05
7.826900657000818791e-05
1.064228527625012843e-04
1.477369214310526163e-04
2.067334435273812318e-04
2.897632302472476023e-04
4.055925127956951505e-04
5.661885996518877364e-04
7.877587615941964013e-04
1.092110545912067373e-03
1.508416715540610107e-03
2.075481610318011087e-03
2.844595860389904397e-03
3.882893648832246285e-03
5.276586868249046221e-03
7.134263475600330015e-03
9.593157351877266634e-03
1.282571125198274029e-02
1.704245536819853912e-02
2.249299062436720467e-02
2.946382878501839497e-02
3.826992986523042317e-02
4.923718194294919581e-02
6.267382665382655038e-02
7.883054311419911142e-02
9.785211310230132464e-02
1.197279577174642368e-01
1.442529533010817600e-01
1.710115162509920628e-01
1.993948610085085060e-01
2.286532650545319290e-01
2.579746758028517717e-01
2.865726411525583717e-01
3.137642701329703687e-01
3.390235029699068536e-01
3.620036885286846418e-01
3.825321661138280094e-01
4.005851125152005698e-01
4.162524838021494089e-01
4.297014272101190024e-01
4.411437026979908582e-01
4.508097995714899220e-01
4.589302837821478409e-01
4.657236309314205513e-01
4.713892400514193004e-01
4.761042367930758412e-01
4.800228384857601061e-01
4.832773115525148544e-01
4.859798138162830239e-01
4.882246383620028052e-01
4.900905491924900659e-01
4.916430243319503401e-01
4.929363077438594365e-01
4.940152270829509806e-01
4.949167685077716095e-01
4.956714193879724339e-01
4.963042998186390498e-01
4.968361079724136764e-01
4.972839048955107200e-01
4.976617629657617559e-01
4.979812998778803679e-01
4.982521173094933697e-01
4.984821607019184198e-01
4.986780140498273117e-01
4.988451413215824748e-01
4.989880841549753088e-01
4.991106237860171158e-01
4.992159137484136755e-01
4.993065886980394552e-01
4.993848537380014552e-01
4.994525578146079003e-01
4.995112540949259161e-01
4.995622496974661542e-01
4.996066467083072893e-01
4.996453760570901959e-01
4.996792255364173596e-01
4.997088630115547048e-01
4.997348556750930704e-01
4.997576860447571212e-01
4.997777652754273880e-01
4.997954442528530494e-01
4.998110228522015253e-01
4.998247576758932942e-01
4.998368685289434898e-01
4.998475438442769869e-01
4.998569452328279206e-01
4.998652113026030297e-01
4.998724608655748525e-01
4.998787956304496793e-01
4.998843024623504383e-01
4.998890552762195183e-01
4.998931166190279662e-01
4.998965389861393382e-01
4.998993659089719377e-01
4.999016328442696389e-01
4.999033678894135857e-01
4.999045923432453575e-01
4.999053211274546160e-01
4.999055630798934224e-01
4.999053211274536168e-01
4.999045923432430261e-01
4.999033678894146959e-01
4.999016328442699719e-01
4.998993659089740471e-01
4.998965389861388942e-01
4.998931166190277442e-01
4.998890552762166317e-01
4.998843024623505493e-01
4.998787956304491242e-01
4.998724608655792379e-01
4.998652113026088029e-01
4.998569452328299190e-01
4.998475438442793184e-01
4.998368685289440450e-01
4.998247576758896304e-01
4.998110228522017473e-01
4.997954442528514951e-01
4.997777652754257227e-01
4.997576860447564551e-01
4.997348556750902948e-01
4.997088630115552044e-01
4.996792255364172486e-01
4.996453760570920277e-01
4.996066467083046247e-01
4.995622496974647109e-01
4.995112540949292468e-01
4.994525578146091216e-01
4.993848537380015107e-01
4.993065886980389556e-01
4.992159137484126208e-01
4.991106237860157280e-01
4.989880841549744206e-01
4.988451413215821972e-01
4.986780140498270342e-01
4.984821607019210288e-01
4.982521173094949796e-01
4.979812998778783695e-01
4.976617629657626440e-01
4.972839048955098318e-01
4.968361079724137319e-01
4.963042998186382726e-01
4.956714193879711572e-01
4.949167685077729972e-01
4.940152270829533676e-01
4.929363077438610463e-01
4.916430243319497295e-01
4.900905491924904545e-01
4.882246383620034713e-01
4.859798138162808034e-01
4.832773115525146324e-01
4.800228384857584962e-01
4.761042367930747310e-01
4.713892400514166359e-01
4.657236309314188305e-01
4.589302837821478964e-01
4.508097995714887563e-01
4.411437026979916909e-01
4.297014272101192245e-01
4.162524838021498530e-01
4.005851125151972947e-01
3.825321661138242346e-01
3.620036885286765926e-01
3.390235029699016911e-01
3.137642701329675377e-01
2.865726411525548745e-01
2.579746758028471643e-01
2.286532650545289869e-01
1.993948610085055084e-01
1.710115162509898701e-01
1.442529533010802056e-01
1.197279577174633902e-01
9.785211310230118587e-02
7.883054311419937510e-02
6.267382665382634221e-02
4.923718194294859907e-02
3.826992986522993745e-02
2.946382878501811742e-02
2.249299062436726365e-02
1.704245536819851831e-02
1.282571125198279059e-02
9.593157351877313471e-03
7.134263475600345628e-03
5.276586868249008057e-03
3.882893648832209423e-03
2.844595860389889652e-03
2.075481610317998511e-03
1.508416715540615962e-03
1.092110545912073445e-03
7.877587615942026897e-04
5.661885996518914227e-04
4.055925127956903800e-04
2.897632302472324776e-04
2.067334435273533407e-04
1.477369214310111456e-04
1.064228527624462068e-04
7.826900656995744725e-05
6.015147484289133954e-05
5.003928756474159751e-05
