4.679116547121551904e-05
4.759752181550108566e-05
5.003928756477212458e-05
5.418513573210866866e-05
6.015147484293042503e-05
6.810541662791882284e-05
7.826900657000818791e-05
9.092479515168089385e-05
1.064228527625012843e-04
1.251893583583730022e-04
1.477369214310526163e-04
1.746768289132808079e-04
2.067334435273812318e-04
2.447610179593325583e-04
2.897632302472476023e-04
3.429157900218008054e-04
4.055925127956951505e-04
4.793953103821339758e-04
5.661885996518877364e-04
6.681386889960846650e-04
7.877587615941964013e-04
9.279601360128562773e-04
1.092110545912067373e-03
1.284100236929296103e-03
1.508416715540610107e-03
1.770228954171493762e-03
2.075481610318011087e-03
2.430998951733734544e-03
2.844595860389904397e-03
3.325188670479126401e-03
3.882893648832246285e-03
4.529106329029688668e-03
5.276586868249046221e-03
6.139617376794521790e-03
7.134263475600330015e-03
8.278652795306358156e-03
9.593157351877266634e-03
1.110048054037546077e-02
1.282571125198274029e-02
1.479637314166835568e-02
1.704245536819853912e-02
1.959639613725989993e-02
2.249299062436720467e-02
2.576919847573336253e-02
2.946382878501839497e-02
3.361708199313361012e-02
3.826992986523042317e-02
4.346331806501099043e-02
4.923718194294919581e-02
5.562927554244725958e-02
6.267382665382655038e-02
7.040004675501319864e-02
7.883054311419911142e-02
8.797969982664040345e-02
9.785211310230132464e-02
1.084411811541965698e-01
1.197279577174642368e-01
1.316803778587634643e-01
1.442529533010817600e-01
1.573870112182671477e-01
1.710115162509920628e-01
1.850444731142244226e-01
1.993948610085085060e-01
2.139650065813127056e-01
2.286532650545319290e-01
2.433568541586315637e-01
2.579746758028517717e-01
2.724099668183658784e-01
2.865726411525583717e-01
3.003812181268725179e-01
3.137642701329703687e-01
3.266613634268799027e-01
3.390235029699068536e-01
3.508131231353951995e-01
3.620036885286846418e-01
3.725789825381880527e-01
3.825321661138280094e-01
3.918646870455645415e-01
4.005851125152005698e-01
4.087079468338047916e-01
4.162524838021494089e-01
4.232417304652805190e-01
4.297014272101190024e-01
4.356591788319207348e-01
4.411437026979908582e-01
4.461841935367837353e-01
4.508097995714899220e-01
4.550492014850120448e-01
4.589302837821478409e-01
4.624798872282532280e-01
4.657236309314205513e-01
4.686857930691531449e-01
4.713892400514193004e-01
4.738553949096794837e-01
4.761042367930758412e-01
4.781543245565142430e-01
4.800228384857601061e-01
4.817256351869328990e-01
4.832773115525148544e-01
4.846912744953889574e-01
4.859798138162830239e-01
4.871541761431844586e-01
4.882246383620028052e-01
4.892005793555025961e-01
4.900905491924900659e-01
4.909023351714905670e-01
4.916430243319503401e-01
4.923190622101380476e-01
4.929363077438594365e-01
4.935000843265339721e-01
4.940152270829509806e-01
4.944861264907582932e-01
4.949167685077716095e-01
4.953107713886023000e-01
4.956714193879724339e-01
4.960016935543856142e-01
4.963042998186390498e-01
4.965816945782348113e-01
4.968361079724136764e-01
4.970695650341337979e-01
4.972839048955107200e-01
4.974807982127706918e-01
4.976617629657617559e-01
4.978281787761935084e-01
4.979812998778803679e-01
4.981222668618897620e-01
4.982521173094933697e-01
4.983717954162702468e-01
4.984821607019184198e-01
4.985839958919635606e-01
4.986780140498273117e-01
4.987648650306402698e-01
4.988451413215824748e-01
4.989193833274806478e-01
4.989880841549753088e-01
4.990516939433970456e-01
4.991106237860171158e-01
4.991652492811013420e-01
4.992159137484136755e-01
4.992629311433829375e-01
4.993065886980394552e-01
4.993471493149678753e-01
4.993848537380014552e-01
4.994199225210843585e-01
4.994525578146079003e-01
4.994829449866554638e-01
4.995112540949259161e-01
4.995376412235257302e-01
4.995622496974661542e-01
4.995852111864351741e-01
4.996066467083072893e-01
4.996266675418440384e-01
4.996453760570901959e-01
4.996628664711592060e-01
4.996792255364173596e-01
4.996945331673198765e-01
4.997088630115547048e-01
4.997222829707249070e-01
4.997348556750930704e-01
4.997466389167324885e-01
4.997576860447571212e-01
4.997680463261749417e-01
4.997777652754273880e-01
4.997868849554570336e-01
4.997954442528530494e-01
4.998034791294156953e-01
4.998110228522015253e-01
4.998181062039936950e-01
4.998247576758932942e-01
4.998310036436202641e-01
4.998368685289434898e-01
4.998423749475104927e-01
4.998475438442769869e-01
4.998523946175784105e-01
4.998569452328279206e-01
4.998612123266960583e-01
4.998652113026030297e-01
4.998689564182065559e-01
4.998724608655748525e-01
4.998757368446401506e-01
4.998787956304496793e-01
4.998816476347585636e-01
4.998843024623504383e-01
4.998867689625427491e-01
4.998890552762195183e-01
4.998911688787430752e-01
4.998931166190279662e-01
4.998949047550636515e-01
4.998965389861393382e-01
4.998980244819729024e-01
4.998993659089719377e-01
4.999005674537753685e-01
4.999016328442696389e-01
4.999025653681798409e-01
4.999033678894135857e-01
4.999040428622123500e-01
4.999045923432453575e-01
4.999050180016955669e-01
4.999053211274546160e-01
4.999055026374014110e-01
4.999055630798934224e-01
4.999055026374031874e-01
4.999053211274536168e-01
4.999050180016956779e-01
4.999045923432430261e-01
4.999040428622132382e-01
4.999033678894146959e-01
4.999025653681815062e-01
4.999016328442699719e-01
4.999005674537799204e-01
4.998993659089740471e-01
4.998980244819724583e-01
4.998965389861388942e-01
4.998949047550623193e-01
4.998931166190277442e-01
4.998911688787428531e-01
4.998890552762166317e-01
4.998867689625408617e-01
4.998843024623505493e-01
4.998816476347588966e-01
4.998787956304491242e-01
4.998757368446399285e-01
4.998724608655792379e-01
4.998689564182107747e-01
4.998652113026088029e-01
4.998612123266993890e-01
4.998569452328299190e-01
4.998523946175809640e-01
4.998475438442793184e-01
4.998423749475111588e-01
4.998368685289440450e-01
4.998310036436195980e-01
4.998247576758896304e-01
4.998181062039928069e-01
4.998110228522017473e-01
4.998034791294146961e-01
4.997954442528514951e-01
4.997868849554560344e-01
4.997777652754257227e-01
4.997680463261739425e-01
4.997576860447564551e-01
4.997466389167318224e-01
4.997348556750902948e-01
4.997222829707229641e-01
4.997088630115552044e-01
4.996945331673176005e-01
4.996792255364172486e-01
4.996628664711606493e-01
4.996453760570920277e-01
4.996266675418433167e-01
4.996066467083046247e-01
4.995852111864320655e-01
4.995622496974647109e-01
4.995376412235285057e-01
4.995112540949292468e-01
4.994829449866572957e-01
4.994525578146091216e-01
4.994199225210865234e-01
4.993848537380015107e-01
4.993471493149684304e-01
4.993065886980389556e-01
4.992629311433807171e-01
4.992159137484126208e-01
4.991652492811016195e-01
4.991106237860157280e-01
4.990516939433937149e-01
4.989880841549744206e-01
4.989193833274804257e-01
4.988451413215821972e-01
4.987648650306413245e-01
4.986780140498270342e-01
4.985839958919642823e-01
4.984821607019210288e-01
4.983717954162723562e-01
4.982521173094949796e-01
4.981222668618910943e-01
4.979812998778783695e-01
4.978281787761933974e-01
4.976617629657626440e-01
4.974807982127701922e-01
4.972839048955098318e-01
4.970695650341334648e-01
4.968361079724137319e-01
4.965816945782337011e-01
4.963042998186382726e-01
4.960016935543841154e-01
4.956714193879711572e-01
4.953107713886021890e-01
4.949167685077729972e-01
4.944861264907602916e-01
4.940152270829533676e-01
4.935000843265363590e-01
4.929363077438610463e-01
4.923190622101399350e-01
4.916430243319497295e-01
4.909023351714901229e-01
4.900905491924904545e-01
4.892005793555020410e-01
4.882246383620034713e-01
4.871541761431836259e-01
4.859798138162808034e-01
4.846912744953874030e-01
4.832773115525146324e-01
4.817256351869330100e-01
4.800228384857584962e-01
4.781543245565139100e-01
4.761042367930747310e-01
4.738553949096772633e-01
4.713892400514166359e-01
4.686857930691530894e-01
4.657236309314188305e-01
4.624798872282523399e-01
4.589302837821478964e-01
4.550492014850107125e-01
4.508097995714887563e-01
4.461841935367825140e-01
4.411437026979916909e-01
4.356591788319228442e-01
4.297014272101192245e-01
4.232417304652804635e-01
4.162524838021498530e-01
4.087079468338022381e-01
4.005851125151972947e-01
3.918646870455614883e-01
3.825321661138242346e-01
3.725789825381828346e-01
3.620036885286765926e-01
3.508131231353897039e-01
3.390235029699016911e-01
3.266613634268755728e-01
3.137642701329675377e-01
3.003812181268694093e-01
2.865726411525548745e-01
2.724099668183618261e-01
2.579746758028471643e-01
2.433568541586282330e-01
2.286532650545289869e-01
2.139650065813102076e-01
1.993948610085055084e-01
1.850444731142210086e-01
1.710115162509898701e-01
1.573870112182647329e-01
1.442529533010802056e-01
1.316803778587621321e-01
1.197279577174633902e-01
1.084411811541961118e-01
9.785211310230118587e-02
8.797969982664052835e-02
7.883054311419937510e-02
7.040004675501304598e-02
6.267382665382634221e-02
5.562927554244670447e-02
4.923718194294859907e-02
4.346331806501030348e-02
3.826992986522993745e-02
3.361708199313331175e-02
2.946382878501811742e-02
2.576919847573327579e-02
2.249299062436726365e-02
1.959639613725994156e-02
1.704245536819851831e-02
1.479637314166843375e-02
1.282571125198279059e-02
1.110048054037548332e-02
9.593157351877313471e-03
8.278652795306346013e-03
7.134263475600345628e-03
6.139617376794485361e-03
5.276586868249008057e-03
4.529106329029639229e-03
3.882893648832209423e-03
3.325188670479094308e-03
2.844595860389889652e-03
2.430998951733739748e-03
2.075481610317998511e-03
1.770228954171488124e-03
1.508416715540615962e-03
1.284100236929305860e-03
1.092110545912073445e-03
9.279601360128602889e-04
7.877587615942026897e-04
6.681386889960895439e-04
5.661885996518914227e-04
4.793953103821332710e-04
4.055925127956903800e-04
3.429157900217879034e-04
2.897632302472324776e-04
2.447610179593121211e-04
2.067334435273533407e-04
1.746768289132456797e-04
1.477369214310111456e-04
1.251893583583227223e-04
1.064228527624462068e-04
9.092479515162588415e-05
7.826900656995744725e-05
6.810541662787362516e-05
6.015147484289133954e-05
5.418513573207367603e-05
5.003928756474159751e-05
4.759752181548698426e-05
