4.679116547121551904e-05
6.015147484293042503e-05
1.064228527625012843e-04
2.067334435273812318e-04
4.055925127956951505e-04
7.877587615941964013e-04
1.508416715540610107e-03
2.844595860389904397e-03
5.276586868249046221e-03
9.593157351877266634e-03
1.704245536819853912e-02
2.946382878501839497e-02
4.923718194294919581e-02
7.883054311419911142e-02
1.197279577174642368e-01
1.710115162509920628e-01
2.286532650545319290e-01
2.865726411525583717e-01
3.390235029699068536e-01
3.825321661138280094e-01
4.162524838021494089e-01
4.411437026979908582e-01
4.589302837821478409e-01
4.713892400514193004e-01
4.800228384857601061e-01
4.859798138162830239e-01
4.900905491924900659e-01
4.929363077438594365e-01
4.949167685077716095e-01
4.963042998186390498e-01
4.972839048955107200e-01
4.979812998778803679e-01
4.984821607019184198e-01
4.988451413215824748e-01
4.991106237860171158e-01
4.993065886980394552e-01
4.994525578146079003e-01
4.995622496974661542e-01
4.996453760570901959e-01
4.997088630115547048e-01
4.997576860447571212e-01
4.997954442528530494e-01
4.998247576758932942e-01
4.998475438442769869e-01
4.998652113026030297e-01
4.998787956304496793e-01
4.998890552762195183e-01
4.998965389861393382e-01
4.999016328442696389e-01
4.999045923432453575e-01
4.999055630798934224e-01
4.999045923432430261e-01
4.999016328442699719e-01
4.998965389861388942e-01
4.998890552762166317e-01
4.998787956304491242e-01
4.998652113026088029e-01
4.998475438442793184e-01
4.998247576758896304e-01
4.997954442528514951e-01
4.997576860447564551e-01
4.997088630115552044e-01
4.996453760570920277e-01
4.995622496974647109e-01
4.994525578146091216e-01
4.993065886980389556e-01
4.991106237860157280e-01
4.988451413215821972e-01
4.984821607019210288e-01
4.979812998778783695e-01
4.972839048955098318e-01
4.963042998186382726e-01
4.949167685077729972e-01
4.929363077438610463e-01
4.900905491924904545e-01
4.859798138162808034e-01
4.800228384857584962e-01
4.713892400514166359e-01
4.589302837821478964e-01
4.411437026979916909e-01
4.162524838021498530e-01
3.825321661138242346e-01
3.390235029699016911e-01
2.865726411525548745e-01
2.286532650545289869e-01
1.710115162509898701e-01
1.197279577174633902e-01
7.883054311419937510e-02
4.923718194294859907e-02
2.946382878501811742e-02
1.704245536819851831e-02
9.593157351877313471e-03
5.276586868249008057e-03
2.844595860389889652e-03
1.508416715540615962e-03
7.877587615942026897e-04
4.055925127956903800e-04
2.067334435273533407e-04
1.064228527624462068e-04
6.015147484289133954e-05
