4.679089969514212854e-05
6.015113585901940183e-05
1.064222608758267377e-04
2.067323063157974598e-04
4.055903050143957371e-04
7.877545450928782715e-04
1.508409296076094683e-03
2.844631743197865905e-03
5.279761019898646102e-03
9.635027698831639259e-03
1.725995608382862451e-02
3.027103568890005328e-02
5.163585127945653774e-02
8.362718202999473716e-02
1.267848407053311088e-01
1.800011578559643499e-01
2.387584534989818097e-01
2.966690617860258672e-01
3.481336575003218248e-01
3.901140601740329394e-01
4.221988641332825032e-01
4.456216340466722658e-01
4.622162407097121783e-01
4.737647520888944586e-01
4.817279785790739011e-01
4.872017712839901149e-01
4.909681854617043428e-01
4.935697555982872520e-01
4.953771142301152675e-01
4.966416217451122272e-01
4.975333905462340778e-01
4.981676936030804415e-01
4.986229173518619828e-01
4.989526320611941124e-01
4.991936685100696880e-01
4.993715180514310403e-01
4.995039495499511428e-01
4.996034404754526315e-01
4.996788185358030931e-01
4.997363762091193151e-01
4.997806318764750899e-01
4.998148528126835077e-01
4.998414167795791063e-01
4.998620635411097357e-01
4.998780707792435662e-01
4.998903776853397818e-01
4.998996720053089371e-01
4.999064512664523896e-01
4.999110654801467435e-01
4.999137462497799667e-01
4.999146255516442872e-01
4.999137462497796336e-01
4.999110654801468545e-01
4.999064512664521676e-01
4.998996720053097698e-01
4.998903776853402259e-01
4.998780707792436773e-01
4.998620635411106239e-01
4.998414167795795504e-01
4.998148528126832857e-01
4.997806318764735356e-01
4.997363762091186490e-01
4.996788185358034262e-01
4.996034404754528535e-01
4.995039495499514759e-01
4.993715180514308183e-01
4.991936685100696880e-01
4.989526320611952226e-01
4.986229173518620938e-01
4.981676936030804415e-01
4.975333905462342998e-01
4.966416217451120607e-01
4.953771142301150454e-01
4.935697555982878626e-01
4.909681854617048424e-01
4.872017712839901149e-01
4.817279785790737900e-01
4.737647520888947361e-01
4.622162407097117343e-01
4.456216340466718773e-01
4.221988641332807268e-01
3.901140601740328284e-01
3.481336575003204370e-01
2.966690617860250900e-01
2.387584534989804219e-01
1.800011578559628234e-01
1.267848407053299986e-01
8.362718202999386286e-02
5.163585127945593406e-02
3.027103568889970980e-02
1.725995608382837818e-02
9.635027698831484869e-03
5.279761019898573243e-03
2.844631743197826006e-03
1.508409296076082106e-03
7.877545450928739347e-04
4.055903050144011581e-04
2.067323063158234807e-04
1.064222608758728299e-04
6.015113585904986791e-05
