4.679089969514212854e-05
4.759725161845636824e-05
5.003900398240001477e-05
5.418482942981111698e-05
6.015113585901940183e-05
6.810503410165993107e-05
7.826856844814351324e-05
9.092428786673878655e-05
1.064222608758267377e-04
1.251886641604261542e-04
1.477361044911230123e-04
1.746758655706072991e-04
2.067323063157974598e-04
2.447596749585134973e-04
2.897616443560558502e-04
3.429139181546942295e-04
4.055903050143957371e-04
4.793927089980268264e-04
5.661855383837324264e-04
6.681350923772530221e-04
7.877545450928782715e-04
9.279552080780123415e-04
1.092104815544776017e-03
1.284093638812570807e-03
1.508409296076094683e-03
1.770221177474817819e-03
2.075475449473095698e-03
2.431001631359604696e-03
2.844631743197865905e-03
3.325332999761778860e-03
3.883354957413704626e-03
4.530391896195367848e-03
5.279761019898646102e-03
6.146596760952627130e-03
7.148061058509958855e-03
8.303568905813626250e-03
9.635027698831639259e-03
1.116708791373881467e-02
1.292740132295344159e-02
1.494688117622748613e-02
1.725995608382862451e-02
1.990480422765847357e-02
2.292354173169349960e-02
2.636230184218677983e-02
3.027103568890005328e-02
3.470260782962427543e-02
3.971031207948792080e-02
4.534268648753050218e-02
5.163585127945653774e-02
5.860776899924840383e-02
6.626173453103972877e-02
7.459886504285691278e-02
8.362718202999473716e-02
9.335894175795206307e-02
1.038016358410008555e-01
1.149504902639681136e-01
1.267848407053311088e-01
1.392673738791863347e-01
1.523448575212738298e-01
1.659495725107326125e-01
1.800011578559643499e-01
1.944088078604723213e-01
2.090738048151456197e-01
2.238923315845061379e-01
2.387584534989818097e-01
2.535671204344657759e-01
2.682170273019568452e-01
2.826131823798247455e-01
2.966690617860258672e-01
3.103082678125005933e-01
3.234656521310949051e-01
3.360879063253570109e-01
3.481336575003218248e-01
3.595731332014034387e-01
3.703874764948946186e-01
3.805677991883171796e-01
3.901140601740329394e-01
3.990338487120264066e-01
4.073411412443017632e-01
4.150550870288761685e-01
4.221988641332825032e-01
4.287986343481686724e-01
4.348826141547498247e-01
4.404802694133864160e-01
4.456216340466722658e-01
4.503367475725724711e-01
4.546552026761415122e-01
4.586057918030653768e-01
4.622162407097121783e-01
4.655130167236919414e-01
4.685211999017003248e-01
4.712644061059138578e-01
4.737647520888944586e-01
4.760428538530577791e-01
4.781178507430898228e-01
4.800074488764294878e-01
4.817279785790739011e-01
4.832944614501700209e-01
4.847206835201469666e-01
4.860192716934821355e-01
4.872017712839901149e-01
4.882787229667168161e-01
4.892597378967552535e-01
4.901535700926574202e-01
4.909681854617043428e-01
4.917108270663065883e-01
4.923880764047071090e-01
4.930059106131712832e-01
4.935697555982872520e-01
4.940845351830056020e-01
4.945547164038819332e-01
4.949843511340204505e-01
4.953771142301152675e-01
4.957363384156205366e-01
4.960650461180036164e-01
4.963659784780689588e-01
4.966416217451122272e-01
4.968942312643724324e-01
4.971258532538825881e-01
4.973383445570999095e-01
4.975333905462340778e-01
4.977125213393903680e-01
4.978771264828409926e-01
4.980284682381979078e-01
4.981676936030804415e-01
4.982958451832503743e-01
4.984138710241268755e-01
4.985226335001705644e-01
4.986229173518619828e-01
4.987154369518357888e-01
4.988008428742758960e-01
4.988797278347283370e-01
4.989526320611941124e-01
4.990200481515997821e-01
4.990824254674297578e-01
4.991401741085790822e-01
4.991936685100696880e-01
4.992432506973585871e-01
4.992892332333790928e-01
4.993319018872227621e-01
4.993715180514310403e-01
4.994083209322322525e-01
4.994425295346653915e-01
4.994743444623793716e-01
4.995039495499511428e-01
4.995315133438086863e-01
4.995571904462834945e-01
4.995811227358601947e-01
4.996034404754526315e-01
4.996242633193387905e-01
4.996437012283657109e-01
4.996618553021112685e-01
4.996788185358030931e-01
4.996946765090894416e-01
4.997095080130256606e-01
4.997233856210445690e-01
4.997363762091193151e-01
4.997485414298261652e-01
4.997599381445553823e-01
4.997706188177257758e-01
4.997806318764750899e-01
4.997900220389779880e-01
4.997988306142387427e-01
4.998070957759403465e-01
4.998148528126835077e-01
4.998221343567309516e-01
4.998289705931817095e-01
4.998353894512975737e-01
4.998414167795791063e-01
4.998470765059963572e-01
4.998523907846927905e-01
4.998573801303246578e-01
4.998620635411097357e-01
4.998664586115498243e-01
4.998705816357131293e-01
4.998744477018758348e-01
4.998780707792435662e-01
4.998814637974148267e-01
4.998846387191923646e-01
4.998876066072768243e-01
4.998903776853397818e-01
4.998929613939351313e-01
4.998953664416433962e-01
4.998976008518223324e-01
4.998996720053089371e-01
4.999015866793650176e-01
4.999033510831469296e-01
4.999049708899496181e-01
4.999064512664523896e-01
4.999077968991552101e-01
4.999090120182097530e-01
4.999101004187881947e-01
4.999110654801467435e-01
4.999119101825068023e-01
4.999126371218727827e-01
4.999132485228839906e-01
4.999137462497799667e-01
4.999141318155681524e-01
4.999144063894284118e-01
4.999145708024438362e-01
4.999146255516442872e-01
4.999145708024426149e-01
4.999144063894274126e-01
4.999141318155669311e-01
4.999137462497796336e-01
4.999132485228833245e-01
4.999126371218732268e-01
4.999119101825059142e-01
4.999110654801468545e-01
4.999101004187886388e-01
4.999090120182091979e-01
4.999077968991543219e-01
4.999064512664521676e-01
4.999049708899498956e-01
4.999033510831474847e-01
4.999015866793654617e-01
4.998996720053097698e-01
4.998976008518228875e-01
4.998953664416430631e-01
4.998929613939356864e-01
4.998903776853402259e-01
4.998876066072766022e-01
4.998846387191924756e-01
4.998814637974148267e-01
4.998780707792436773e-01
4.998744477018761678e-01
4.998705816357143505e-01
4.998664586115504904e-01
4.998620635411106239e-01
4.998573801303251019e-01
4.998523907846924574e-01
4.998470765059951360e-01
4.998414167795795504e-01
4.998353894512986839e-01
4.998289705931829308e-01
4.998221343567309516e-01
4.998148528126832857e-01
4.998070957759400135e-01
4.997988306142376880e-01
4.997900220389765447e-01
4.997806318764735356e-01
4.997706188177241104e-01
4.997599381445549382e-01
4.997485414298252215e-01
4.997363762091186490e-01
4.997233856210441250e-01
4.997095080130249944e-01
4.996946765090894416e-01
4.996788185358034262e-01
4.996618553021113796e-01
4.996437012283660439e-01
4.996242633193390126e-01
4.996034404754528535e-01
4.995811227358604167e-01
4.995571904462843826e-01
4.995315133438094635e-01
4.995039495499514759e-01
4.994743444623789275e-01
4.994425295346642812e-01
4.994083209322308092e-01
4.993715180514308183e-01
4.993319018872226511e-01
4.992892332333795369e-01
4.992432506973589201e-01
4.991936685100696880e-01
4.991401741085788601e-01
4.990824254674288696e-01
4.990200481515993380e-01
4.989526320611952226e-01
4.988797278347280040e-01
4.988008428742755629e-01
4.987154369518355668e-01
4.986229173518620938e-01
4.985226335001712306e-01
4.984138710241275416e-01
4.982958451832507074e-01
4.981676936030804415e-01
4.980284682381982408e-01
4.978771264828403265e-01
4.977125213393902570e-01
4.975333905462342998e-01
4.973383445570997430e-01
4.971258532538824215e-01
4.968942312643725989e-01
4.966416217451120607e-01
4.963659784780686812e-01
4.960650461180023951e-01
4.957363384156199260e-01
4.953771142301150454e-01
4.949843511340203395e-01
4.945547164038819332e-01
4.940845351830061571e-01
4.935697555982878626e-01
4.930059106131715052e-01
4.923880764047079417e-01
4.917108270663072545e-01
4.909681854617048424e-01
4.901535700926579753e-01
4.892597378967550314e-01
4.882787229667164275e-01
4.872017712839901149e-01
4.860192716934820800e-01
4.847206835201470221e-01
4.832944614501700764e-01
4.817279785790737900e-01
4.800074488764292102e-01
4.781178507430893232e-01
4.760428538530575016e-01
4.737647520888947361e-01
4.712644061059140244e-01
4.685211999017008244e-01
4.655130167236912753e-01
4.622162407097117343e-01
4.586057918030652103e-01
4.546552026761412901e-01
4.503367475725719715e-01
4.456216340466718773e-01
4.404802694133855279e-01
4.348826141547483815e-01
4.287986343481670071e-01
4.221988641332807268e-01
4.150550870288751693e-01
4.073411412443007085e-01
3.990338487120256850e-01
3.901140601740328284e-01
3.805677991883161804e-01
3.703874764948933418e-01
3.595731332014020509e-01
3.481336575003204370e-01
3.360879063253555676e-01
3.234656521310939614e-01
3.103082678124996496e-01
2.966690617860250900e-01
2.826131823798240239e-01
2.682170273019555129e-01
2.535671204344646101e-01
2.387584534989804219e-01
2.238923315845045559e-01
2.090738048151437600e-01
1.944088078604704894e-01
1.800011578559628234e-01
1.659495725107311415e-01
1.523448575212722200e-01
1.392673738791850857e-01
1.267848407053299986e-01
1.149504902639670728e-01
1.038016358409999396e-01
9.335894175795116101e-02
8.362718202999386286e-02
7.459886504285612174e-02
6.626173453103892386e-02
5.860776899924776545e-02
5.163585127945593406e-02
4.534268648753007197e-02
3.971031207948744896e-02
3.470260782962387297e-02
3.027103568889970980e-02
2.636230184218646064e-02
2.292354173169315612e-02
1.990480422765817520e-02
1.725995608382837818e-02
1.494688117622728317e-02
1.292740132295325424e-02
1.116708791373865681e-02
9.635027698831484869e-03
8.303568905813494411e-03
7.148061058509838292e-03
6.146596760952536057e-03
5.279761019898573243e-03
4.530391896195305398e-03
3.883354957413648247e-03
3.325332999761728987e-03
2.844631743197826006e-03
2.431001631359575640e-03
2.075475449473074014e-03
1.770221177474803507e-03
1.508409296076082106e-03
1.284093638812560181e-03
1.092104815544767994e-03
9.279552080780052942e-04
7.877545450928739347e-04
6.681350923772493358e-04
5.661855383837318843e-04
4.793927089980289948e-04
4.055903050144011581e-04
3.429139181547035536e-04
2.897616443560703243e-04
2.447596749585332298e-04
2.067323063158234807e-04
1.746758655706408009e-04
1.477361044911645915e-04
1.251886641604703896e-04
1.064222608758728299e-04
9.092428786678200556e-05
7.826856844818461806e-05
6.810503410169538448e-05
6.015113585904986791e-05
5.418482942983480002e-05
5.003900398241679280e-05
4.759725161846472337e-05
