4.676451087688337420e-05
6.011747621695141206e-05
1.063634783395985873e-04
2.066193065274522464e-04
4.053705011383087510e-04
7.873310575915160297e-04
1.507605157814790719e-03
2.843129470049450113e-03
5.277004667706025956e-03
9.630076273427745290e-03
1.725132260803546175e-02
3.025844603686763529e-02
5.175967056726381299e-02
8.586083557147161649e-02
1.370909411787809007e-01
2.088561706539837359e-01
3.009937751463455102e-01
4.059602937726085048e-01
4.913383098567854490e-01
5.164978397330126647e-01
5.128750218090717405e-01
5.069905003666826948e-01
5.032182516232831526e-01
5.011734295973729880e-01
5.001553543137978730e-01
4.996965018773312228e-01
4.995275752488250176e-01
4.995009628455641670e-01
4.995382042568746184e-01
4.995989814192688949e-01
4.996635938690190959e-01
4.997232378581902834e-01
4.997746882509387367e-01
4.998174345451782408e-01
4.998521715098642737e-01
4.998800290224412746e-01
4.999021990993128273e-01
4.999197716774029798e-01
4.999336764954127044e-01
4.999446760359407826e-01
4.999533806853236340e-01
4.999602715113264373e-01
4.999657236763029866e-01
4.999700274805815581e-01
4.999734060319238615e-01
4.999760294833002217e-01
4.999780261780914503e-01
4.999794911625966010e-01
4.999804925155061364e-01
4.999810758776981889e-01
4.999812674799715140e-01
4.999810758776981889e-01
4.999804925155064139e-01
4.999794911625959348e-01
4.999780261780913393e-01
4.999760294832998886e-01
4.999734060319236395e-01
4.999700274805815581e-01
4.999657236763033197e-01
4.999602715113264373e-01
4.999533806853238560e-01
4.999446760359407826e-01
4.999336764954127044e-01
4.999197716774023137e-01
4.999021990993124387e-01
4.998800290224412746e-01
4.998521715098641072e-01
4.998174345451779077e-01
4.997746882509388477e-01
4.997232378581902834e-01
4.996635938690188738e-01
4.995989814192692280e-01
4.995382042568748959e-01
4.995009628455640560e-01
4.995275752488246845e-01
4.996965018773314449e-01
5.001553543137983171e-01
5.011734295973729880e-01
5.032182516232837077e-01
5.069905003666829169e-01
5.128750218090715185e-01
5.164978397330119986e-01
4.913383098567845053e-01
4.059602937726057292e-01
3.009937751463432898e-01
2.088561706539820428e-01
1.370909411787795407e-01
8.586083557147068668e-02
5.175967056726325788e-02
3.025844603686728140e-02
1.725132260803524664e-02
9.630076273427620390e-03
5.277004667705961771e-03
2.843129470049413250e-03
1.507605157814771637e-03
7.873310575915048624e-04
4.053705011383020290e-04
2.066193065274469880e-04
1.063634783395943047e-04
6.011747621694937241e-05
