4.676451087688337420e-05
4.757042373569351297e-05
5.001084673639366444e-05
5.415441571368614834e-05
6.011747621695141206e-05
6.806704966565873573e-05
7.822506170454239928e-05
9.087391056488001615e-05
1.063634783395985873e-04
1.251197151984559928e-04
1.476549560230177151e-04
1.745801609935433382e-04
2.066193065274522464e-04
2.446261908276155489e-04
2.896039592902984404e-04
3.427276992565438628e-04
4.053705011383087510e-04
4.791334338278268202e-04
5.658799364372229385e-04
6.677751856182240339e-04
7.873310575915160297e-04
9.274573659141099055e-04
1.091520118901358064e-03
1.283407602971210586e-03
1.507605157814790719e-03
1.769279563206819627e-03
2.074374001381880210e-03
2.429714587826458869e-03
2.843129470049450113e-03
3.323581469383008087e-03
3.881315173725606582e-03
4.528019265128327593e-03
5.277004667706025956e-03
6.143398807246886091e-03
7.144355858699164528e-03
8.299282291696437677e-03
9.630076273427745290e-03
1.116137851468253402e-02
1.292083090844810614e-02
1.493933777026290599e-02
1.725132260803546175e-02
1.989497109709415651e-02
2.291244830072817346e-02
2.635007517052728732e-02
3.025844603686763529e-02
3.469246526562641542e-02
3.971127769372571198e-02
4.537806413662028027e-02
5.175967056726381299e-02
5.892603799891853178e-02
6.694940027940721183e-02
7.590321962909594988e-02
8.586083557147161649e-02
9.689381259370058452e-02
1.090699859015856338e-01
1.224512230344225322e-01
1.370909411787809007e-01
1.530314438761032625e-01
1.703011626226995368e-01
1.889119013325146479e-01
2.088561706539837359e-01
2.301046356625315592e-01
2.526035217494329577e-01
2.762713940016310321e-01
3.009937751463455102e-01
3.266121750987289185e-01
3.529010440537838633e-01
3.795234234742888568e-01
4.059602937726085048e-01
4.314334013046571825e-01
4.548926364359325292e-01
4.751726353305824047e-01
4.913383098567854490e-01
5.030350603303550550e-01
5.105819605533773453e-01
5.147610193656141364e-01
5.164978397330126647e-01
5.166267734423974911e-01
5.157921030549383890e-01
5.144439475508852944e-01
5.128750218090717405e-01
5.112646291839557655e-01
5.097158972745732264e-01
5.082831360586407277e-01
5.069905003666826948e-01
5.058441752889398790e-01
5.048401074708129821e-01
5.039688042376343491e-01
5.032182516232831526e-01
5.025756455567625958e-01
5.020283835194462307e-01
5.015646007282008600e-01
5.011734295973729880e-01
5.008450942294360164e-01
5.005709093703171186e-01
5.003432266584433297e-01
5.001553543137978730e-01
5.000014659811301554e-01
4.998765079408437062e-01
4.997761098721635320e-01
4.996965018773312228e-01
4.996344389744192260e-01
4.995871333754912658e-01
4.995521943563348555e-01
4.995275752488250176e-01
4.995115269557307003e-01
4.995025573428490406e-01
4.994993958687440339e-01
4.995009628455641670e-01
4.995063427716050497e-01
4.995147612290896100e-01
4.995255648940969961e-01
4.995382042568746184e-01
4.995522186984763247e-01
4.995672236130921928e-01
4.995828993044405530e-01
4.995989814192688949e-01
4.996152527116593522e-01
4.996315359587417682e-01
4.996476878720086945e-01
4.996635938690190959e-01
4.996791635882328331e-01
4.996943270453433894e-01
4.997090313430718744e-01
4.997232378581902834e-01
4.997369198397896839e-01
4.997500603617061055e-01
4.997626505797333474e-01
4.997746882509387367e-01
4.997861764781993399e-01
4.997971226480940610e-01
4.998075375346467397e-01
4.998174345451782408e-01
4.998268290877909692e-01
4.998357380428309349e-01
4.998441793231209185e-01
4.998521715098642737e-01
4.998597335529499919e-01
4.998668845259744975e-01
4.998736434276473406e-01
4.998800290224412746e-01
4.998860597143501838e-01
4.998917534485123326e-01
4.998971276361957039e-01
4.999021990993128273e-01
4.999069840311791690e-01
4.999114979707249828e-01
4.999157557877780822e-01
4.999197716774029798e-01
4.999235591615754926e-01
4.999271310967523529e-01
4.999304996861083095e-01
4.999336764954127044e-01
4.999366724716859389e-01
4.999394979639105729e-01
4.999421627452023675e-01
4.999446760359407826e-01
4.999470465274496456e-01
4.999492824058983098e-01
4.999513913761477468e-01
4.999533806853236340e-01
4.999552571459470185e-01
4.999570271584833914e-01
4.999586967332106391e-01
4.999602715113264373e-01
4.999617567852431832e-01
4.999631575180292775e-01
4.999644783619788257e-01
4.999657236763029866e-01
4.999668975439367502e-01
4.999680037874754124e-01
4.999690459842531243e-01
4.999700274805815581e-01
4.999709514051777770e-01
4.999718206818020705e-01
4.999726380411346760e-01
4.999734060319238615e-01
4.999741270314286834e-01
4.999748032551943333e-01
4.999754367661840004e-01
4.999760294833002217e-01
4.999765831893211998e-01
4.999770995382846750e-01
4.999775800623385558e-01
4.999780261780914503e-01
4.999784391924849136e-01
4.999788203082070615e-01
4.999791706286742521e-01
4.999794911625966010e-01
4.999797828281500323e-01
4.999800464567710212e-01
4.999802827965878493e-01
4.999804925155061364e-01
4.999806762039602503e-01
4.999808343773448072e-01
4.999809674781337532e-01
4.999810758776981889e-01
4.999811598778318156e-01
4.999812197119901103e-01
4.999812555462457286e-01
4.999812674799715140e-01
4.999812555462457286e-01
4.999812197119901103e-01
4.999811598778319266e-01
4.999810758776981889e-01
4.999809674781336422e-01
4.999808343773445851e-01
4.999806762039602503e-01
4.999804925155064139e-01
4.999802827965881269e-01
4.999800464567711322e-01
4.999797828281496992e-01
4.999794911625959348e-01
4.999791706286741411e-01
4.999788203082067284e-01
4.999784391924845250e-01
4.999780261780913393e-01
4.999775800623385558e-01
4.999770995382847860e-01
4.999765831893211998e-01
4.999760294832998886e-01
4.999754367661836674e-01
4.999748032551941113e-01
4.999741270314285724e-01
4.999734060319236395e-01
4.999726380411343984e-01
4.999718206818015709e-01
4.999709514051774439e-01
4.999700274805815581e-01
4.999690459842536794e-01
4.999680037874759675e-01
4.999668975439371388e-01
4.999657236763033197e-01
4.999644783619789368e-01
4.999631575180292775e-01
4.999617567852434052e-01
4.999602715113264373e-01
4.999586967332101950e-01
4.999570271584831138e-01
4.999552571459472405e-01
4.999533806853238560e-01
4.999513913761479689e-01
4.999492824058984208e-01
4.999470465274495345e-01
4.999446760359407826e-01
4.999421627452023675e-01
4.999394979639102399e-01
4.999366724716857724e-01
4.999336764954127044e-01
4.999304996861079764e-01
4.999271310967519644e-01
4.999235591615749930e-01
4.999197716774023137e-01
4.999157557877773606e-01
4.999114979707245388e-01
4.999069840311788360e-01
4.999021990993124387e-01
4.998971276361953708e-01
4.998917534485119996e-01
4.998860597143501838e-01
4.998800290224412746e-01
4.998736434276473406e-01
4.998668845259743865e-01
4.998597335529498809e-01
4.998521715098641072e-01
4.998441793231208075e-01
4.998357380428304353e-01
4.998268290877904141e-01
4.998174345451779077e-01
4.998075375346465177e-01
4.997971226480940610e-01
4.997861764781994509e-01
4.997746882509388477e-01
4.997626505797334029e-01
4.997500603617063275e-01
4.997369198397899059e-01
4.997232378581902834e-01
4.997090313430717634e-01
4.996943270453432229e-01
4.996791635882328331e-01
4.996635938690188738e-01
4.996476878720083059e-01
4.996315359587418237e-01
4.996152527116599074e-01
4.995989814192692280e-01
4.995828993044408861e-01
4.995672236130926369e-01
4.995522186984762136e-01
4.995382042568748959e-01
4.995255648940976068e-01
4.995147612290898320e-01
4.995063427716049387e-01
4.995009628455640560e-01
4.994993958687440339e-01
4.995025573428490406e-01
4.995115269557308113e-01
4.995275752488246845e-01
4.995521943563346334e-01
4.995871333754912658e-01
4.996344389744193926e-01
4.996965018773314449e-01
4.997761098721635320e-01
4.998765079408438172e-01
5.000014659811309325e-01
5.001553543137983171e-01
5.003432266584436627e-01
5.005709093703176737e-01
5.008450942294356834e-01
5.011734295973729880e-01
5.015646007282007490e-01
5.020283835194464528e-01
5.025756455567629288e-01
5.032182516232837077e-01
5.039688042376340160e-01
5.048401074708134262e-01
5.058441752889403231e-01
5.069905003666829169e-01
5.082831360586409497e-01
5.097158972745728933e-01
5.112646291839556545e-01
5.128750218090715185e-01
5.144439475508848503e-01
5.157921030549381669e-01
5.166267734423969360e-01
5.164978397330119986e-01
5.147610193656139144e-01
5.105819605533774563e-01
5.030350603303549439e-01
4.913383098567845053e-01
4.751726353305807393e-01
4.548926364359304197e-01
4.314334013046546290e-01
4.059602937726057292e-01
3.795234234742861923e-01
3.529010440537812543e-01
3.266121750987263650e-01
3.009937751463432898e-01
2.762713940016290337e-01
2.526035217494310703e-01
2.301046356625297273e-01
2.088561706539820428e-01
1.889119013325130103e-01
1.703011626226979269e-01
1.530314438761018470e-01
1.370909411787795407e-01
1.224512230344213526e-01
1.090699859015845652e-01
9.689381259369951593e-02
8.586083557147068668e-02
7.590321962909520048e-02
6.694940027940653182e-02
5.892603799891793503e-02
5.175967056726325788e-02
4.537806413661975291e-02
3.971127769372526095e-02
3.469246526562600602e-02
3.025844603686728140e-02
2.635007517052696466e-02
2.291244830072789243e-02
1.989497109709391712e-02
1.725132260803524664e-02
1.493933777026272038e-02
1.292083090844793787e-02
1.116137851468238483e-02
9.630076273427620390e-03
8.299282291696330124e-03
7.144355858699069119e-03
6.143398807246810631e-03
5.277004667705961771e-03
4.528019265128273817e-03
3.881315173725556275e-03
3.323581469382965153e-03
2.843129470049413250e-03
2.429714587826429378e-03
2.074374001381853756e-03
1.769279563206797943e-03
1.507605157814771637e-03
1.283407602971194540e-03
1.091520118901343536e-03
9.274573659140975456e-04
7.873310575915048624e-04
6.677751856182143845e-04
5.658799364372145901e-04
4.791334338278196102e-04
4.053705011383020290e-04
3.427276992565376286e-04
2.896039592902926942e-04
2.446261908276101821e-04
2.066193065274469880e-04
1.745801609935381882e-04
1.476549560230123754e-04
1.251197151984513036e-04
1.063634783395943047e-04
9.087391056487632986e-05
7.822506170453918733e-05
6.806704966565610654e-05
6.011747621694937241e-05
5.415441571368492183e-05
5.001084673639293938e-05
4.757042373569322837e-05
