1.062749686308081726e-09
1.136588543654138610e-09
1.366510221284338126e-09
1.778614595737898273e-09
2.419424671183618762e-09
3.360693043973784969e-09
4.706712245167027355e-09
6.604803475514357503e-09
9.259999370234036030e-09
1.295542514350325223e-08
1.808061218963432549e-08
2.517111168137238402e-08
3.496459987145987229e-08
4.848169353563902064e-08
6.714485037051902027e-08
9.295772781968190264e-08
1.287834554195784374e-07
1.787897468806483828e-07
2.491843120219286606e-07
3.494720273639776406e-07
4.946830271252426641e-07
7.094779238075040444e-07
1.036040783427089616e-06
1.549993734629508021e-06
2.394257589263613477e-06
3.855645657575434275e-06
6.550711700686426506e-06
1.191456872255903673e-05
2.361190425641721308e-05
5.207159149481932090e-05
1.309660239137716445e-04
3.857353763611218525e-04
1.355324497736531009e-03
5.547815401242496905e-03
2.347646937732471989e-02
8.327140516573937334e-02
2.055808485465428215e-01
3.435875731381237141e-01
4.372386029815801822e-01
4.826614453921816983e-01
5.002835286797775449e-01
5.055235879580262104e-01
5.060018077189226693e-01
5.049403876045418516e-01
5.035859505929980440e-01
5.023701821034850523e-01
5.014055508042704057e-01
5.006880023422370929e-01
5.001774808197155808e-01
4.998285220359219294e-01
4.996007415967009813e-01
4.994614477817401199e-01
4.993853643737236059e-01
4.993534624080674944e-01
4.993516695207254052e-01
4.993697232306948397e-01
4.994002348026110316e-01
4.994379559847080818e-01
4.994792176135737227e-01
4.995215057036176409e-01
4.995631442937002453e-01
4.996030598003507461e-01
4.996406069560600516e-01
4.996754409581176115e-01
4.997074241137501871e-01
4.997365581269435642e-01
4.997629353694879040e-01
4.997867041503271657e-01
4.998080442610858265e-01
4.998271500272239987e-01
4.998442188085565063e-01
4.998594434277304210e-01
4.998730074048813865e-01
4.998850821746212425e-01
4.998958256831221858e-01
4.999053819275257604e-01
4.999138811215845801e-01
4.999214402611968366e-01
4.999281639294642643e-01
4.999341452291325427e-01
4.999394667654191160e-01
4.999442016275862377e-01
4.999484143358462473e-01
4.999521617331152412e-01
4.999554938101720136e-01
4.999584544590593982e-01
4.999610821537396887e-01
4.999634105597602352e-01
4.999654690763961629e-01
4.999672833156609264e-01
4.999688755230397019e-01
4.999702649448846681e-01
4.999714681472786637e-01
4.999724992908723409e-01
4.999733703658371664e-01
4.999740913906391970e-01
4.999746705778824185e-01
4.999751144700145811e-01
4.999754280472362700e-01
4.999756148094963715e-01
4.999756768340347657e-01
4.999756148094962604e-01
4.999754280472361589e-01
4.999751144700146921e-01
4.999746705778826406e-01
4.999740913906389750e-01
4.999733703658370554e-01
4.999724992908719523e-01
4.999714681472787747e-01
4.999702649448845015e-01
4.999688755230394799e-01
4.999672833156608154e-01
4.999654690763960518e-01
4.999634105597602352e-01
4.999610821537397998e-01
4.999584544590597313e-01
4.999554938101719026e-01
4.999521617331153522e-01
4.999484143358467469e-01
4.999442016275864042e-01
4.999394667654197266e-01
4.999341452291326537e-01
4.999281639294639312e-01
4.999214402611967256e-01
4.999138811215839695e-01
4.999053819275254273e-01
4.998958256831219082e-01
4.998850821746212425e-01
4.998730074048813865e-01
4.998594434277300325e-01
4.998442188085565063e-01
4.998271500272242207e-01
4.998080442610854934e-01
4.997867041503266661e-01
4.997629353694877374e-01
4.997365581269435642e-01
4.997074241137504091e-01
4.996754409581173895e-01
4.996406069560600516e-01
4.996030598003506351e-01
4.995631442936997457e-01
4.995215057036172523e-01
4.994792176135738337e-01
4.994379559847081929e-01
4.994002348026112537e-01
4.993697232306950617e-01
4.993516695207255163e-01
4.993534624080674944e-01
4.993853643737233283e-01
4.994614477817405640e-01
4.996007415967013143e-01
4.998285220359224845e-01
5.001774808197155808e-01
5.006880023422376480e-01
5.014055508042705167e-01
5.023701821034852744e-01
5.035859505929979330e-01
5.049403876045418516e-01
5.060018077189227803e-01
5.055235879580262104e-01
5.002835286797769898e-01
4.826614453921803660e-01
4.372386029815771291e-01
3.435875731381188847e-01
2.055808485465369373e-01
8.327140516573561246e-02
2.347646937732332864e-02
5.547815401242162103e-03
1.355324497736453380e-03
3.857353763611024995e-04
1.309660239137659524e-04
5.207159149481727447e-05
2.361190425641642365e-05
1.191456872255868606e-05
6.550711700686251170e-06
3.855645657575335172e-06
2.394257589263557150e-06
1.549993734629473293e-06
1.036040783427068228e-06
7.094779238074909154e-07
4.946830271252342997e-07
3.494720273639723996e-07
2.491843120219251666e-07
1.787897468806456829e-07
1.287834554195767169e-07
9.295772781968064532e-08
6.714485037051814676e-08
4.848169353563840522e-08
3.496459987145939584e-08
2.517111168137202999e-08
1.808061218963408726e-08
1.295542514350305867e-08
9.259999370233893755e-09
6.604803475514235080e-09
4.706712245166914859e-09
3.360693043973674540e-09
2.419424671183526531e-09
1.778614595737828169e-09
1.366510221284295112e-09
1.136588543654123100e-09
