1.067597981907935936e-09
1.142313424406371987e-09
1.375324890368116290e-09
1.794332178531320079e-09
2.449358151318546304e-09
3.419202245019098683e-09
4.822034243718060647e-09
6.832298369273290450e-09
9.707890566309388445e-09
1.383496561266518248e-08
1.980443682705060941e-08
2.854807973734797810e-08
4.159218385302454225e-08
6.155560440151854319e-08
9.318796260449220454e-08
1.456914383498073272e-07
2.383737990867704254e-07
4.159511209136006333e-07
7.960998892047016146e-07
1.749025083433243313e-06
4.827927218126950149e-06
2.045733831266340706e-05
1.537360171636367701e-04
1.404544041131170927e-03
9.234001930860286783e-03
3.259307490396522178e-02
6.416273545702629033e-02
9.221698415852484787e-02
1.180049153325527511e-01
1.446850962598916213e-01
1.731012571822956869e-01
2.028710368827494614e-01
2.332314339578143436e-01
2.633411090157906087e-01
2.924100136092602775e-01
3.197800126578096980e-01
3.449710502298422021e-01
3.676936164484748693e-01
3.878337186172901019e-01
4.054206315137127703e-01
4.205878584298474721e-01
4.335352806730670694e-01
4.444971891314931645e-01
4.537180161725081207e-01
4.614356347100373457e-01
4.678710610684827520e-01
4.732230497829059690e-01
4.776661257232224789e-01
4.813508440088187235e-01
4.844053625349824532e-01
4.869376830749237439e-01
4.890381361796584114e-01
4.907818482581964292e-01
4.922310433129066798e-01
4.934371074371129984e-01
4.944423917291044801e-01
4.952817573674474505e-01
4.959838817890573903e-01
4.965723519183400936e-01
4.970665724395925689e-01
4.974825163187936994e-01
4.978333425269296786e-01
4.981299030331861055e-01
4.983811581156579740e-01
4.985945161517421065e-01
4.987761114345464764e-01
4.989310312678638115e-01
4.990635016253243683e-01
4.991770389991463386e-01
4.992745746784553185e-01
4.993585565505042623e-01
4.994310325750438428e-01
4.994937193098145656e-01
4.995480582349105525e-01
4.995952621105677616e-01
4.996363531858322715e-01
4.996721947367913641e-01
4.997035171381462582e-01
4.997309394488290701e-01
4.997549873113236174e-01
4.997761078173907356e-01
4.997946818735199970e-01
4.998110345023742407e-01
4.998254434375407063e-01
4.998381463045888928e-01
4.998493466289792297e-01
4.998592188685606619e-01
4.998679126333702150e-01
4.998755562267562236e-01
4.998822596183424838e-01
4.998881169400092306e-01
4.998932085800995018e-01
4.998976029379428865e-01
4.999013578898366950e-01
4.999045220085694963e-01
4.999071355709837072e-01
4.999092313816765332e-01
4.999108354355261685e-01
4.999119674370855471e-01
4.999126411908568213e-01
4.999128648728761171e-01
4.999126411908560441e-01
4.999119674370853250e-01
4.999108354355262795e-01
4.999092313816770883e-01
4.999071355709828746e-01
4.999045220085686081e-01
4.999013578898370280e-01
4.998976029379436636e-01
4.998932085800998348e-01
4.998881169400095636e-01
4.998822596183424838e-01
4.998755562267561126e-01
4.998679126333717693e-01
4.998592188685611060e-01
4.998493466289782305e-01
4.998381463045887818e-01
4.998254434375420385e-01
4.998110345023741297e-01
4.997946818735187757e-01
4.997761078173892924e-01
4.997549873113232843e-01
4.997309394488282930e-01
4.997035171381459251e-01
4.996721947367913641e-01
4.996363531858324936e-01
4.995952621105683167e-01
4.995480582349111076e-01
4.994937193098148986e-01
4.994310325750431767e-01
4.993585565505037072e-01
4.992745746784554295e-01
4.991770389991465606e-01
4.990635016253238132e-01
4.989310312678648107e-01
4.987761114345465874e-01
4.985945161517419955e-01
4.983811581156585291e-01
4.981299030331859945e-01
4.978333425269296231e-01
4.974825163187939769e-01
4.970665724395925689e-01
4.965723519183399826e-01
4.959838817890564466e-01
4.952817573674468954e-01
4.944423917291043691e-01
4.934371074371134425e-01
4.922310433129072349e-01
4.907818482581969843e-01
4.890381361796583559e-01
4.869376830749236884e-01
4.844053625349822867e-01
4.813508440088185569e-01
4.776661257232220348e-01
4.732230497829061355e-01
4.678710610684827520e-01
4.614356347100371236e-01
4.537180161725074545e-01
4.444971891314927204e-01
4.335352806730657371e-01
4.205878584298456957e-01
4.054206315137117711e-01
3.878337186172899353e-01
3.676936164484739811e-01
3.449710502298407588e-01
3.197800126578083657e-01
2.924100136092593893e-01
2.633411090157897205e-01
2.332314339578128171e-01
2.028710368827477128e-01
1.731012571822942436e-01
1.446850962598903167e-01
1.180049153325515021e-01
9.221698415852379316e-02
6.416273545702477765e-02
3.259307490396375767e-02
9.234001930859587690e-03
1.404544041131033016e-03
1.537360171636209950e-04
2.045733831266172316e-05
4.827927218126685027e-06
1.749025083433171316e-06
7.960998892046736625e-07
4.159511209135864984e-07
2.383737990867633580e-07
1.456914383498037008e-07
9.318796260449031195e-08
6.155560440151741822e-08
4.159218385302384080e-08
2.854807973734743216e-08
1.980443682705028516e-08
1.383496561266509645e-08
9.707890566309507559e-09
6.832298369273636211e-09
4.822034243718644636e-09
3.419202245020058626e-09
2.449358151319620398e-09
1.794332178532278782e-09
1.375324890368811536e-09
1.142313424406757866e-09
