1.117386156546144432e-09
1.467146002664285486e-09
2.774012153305713458e-09
6.178850665065100339e-09
1.592561807284957532e-08
5.404697442330847325e-08
4.233047708513088528e-07
3.239546657117562642e-05
1.595699197819921370e-03
8.011406554504831370e-03
1.599491152031401464e-02
2.848578025184635848e-02
4.831517513457594254e-02
7.797623888675332682e-02
1.189601362241877180e-01
1.703489661118039733e-01
2.281076250417030937e-01
2.861438551328719382e-01
3.387002704423718313e-01
3.822963768475541868e-01
4.160844161912728434e-01
4.410256038754528096e-01
4.588478821491325244e-01
4.713318392081229935e-01
4.799827604946610426e-01
4.859516873767399936e-01
4.900706698047119780e-01
4.929221374116922738e-01
4.949065712219173907e-01
4.962968860511190461e-01
4.972784562887261894e-01
4.979772502877414242e-01
4.984791158640632380e-01
4.988428246387484610e-01
4.991088396712752839e-01
4.993051976957552651e-01
4.994514596310640209e-01
4.995613715591376014e-01
4.996446646726092067e-01
4.997082789836388428e-01
4.997571999571353563e-01
4.997950339091669636e-01
4.998244061356713619e-01
4.998472380136730342e-01
4.998649409133512633e-01
4.998785524916880552e-01
4.998888327185528890e-01
4.998963314409734515e-01
4.999014355175041557e-01
4.999044009533042954e-01
4.999053736372731094e-01
4.999044009533024080e-01
4.999014355175042668e-01
4.998963314409733405e-01
4.998888327185504465e-01
4.998785524916876111e-01
4.998649409133568700e-01
4.998472380136752546e-01
4.998244061356679757e-01
4.997950339091654093e-01
4.997571999571338019e-01
4.997082789836391203e-01
4.996446646726107055e-01
4.995613715591364357e-01
4.994514596310652976e-01
4.993051976957543769e-01
4.991088396712739517e-01
4.988428246387480169e-01
4.984791158640659026e-01
4.979772502877393703e-01
4.972784562887253013e-01
4.962968860511184355e-01
4.949065712219184454e-01
4.929221374116939947e-01
4.900706698047123111e-01
4.859516873767372180e-01
4.799827604946597659e-01
4.713318392081204955e-01
4.588478821491325799e-01
4.410256038754534202e-01
4.160844161912731765e-01
3.822963768475506896e-01
3.387002704423666688e-01
2.861438551328686075e-01
2.281076250417000684e-01
1.703489661118015308e-01
1.189601362241868437e-01
7.797623888675350723e-02
4.831517513457543600e-02
2.848578025184604970e-02
1.599491152031400770e-02
8.011406554504843514e-03
1.595699197819884724e-03
3.239546657117399334e-05
4.233047708512963061e-07
5.404697442330699756e-08
1.592561807284885402e-08
6.178850665064073807e-09
2.774012153304158772e-09
1.467146002663278807e-09
