1.067597981907935936e-09
1.086140431013950537e-09
1.142313424406371987e-09
1.237770671119093523e-09
1.375324890368116290e-09
1.559034887645412612e-09
1.794332178531320079e-09
2.088192308703421847e-09
2.449358151318546304e-09
2.888625178725935698e-09
3.419202245019098683e-09
4.057166109750859198e-09
4.822034243718060647e-09
5.737489041803459775e-09
6.832298369273290450e-09
8.141493758321724131e-09
9.707890566309388445e-09
1.158406700077719364e-08
1.383496561266518248e-08
1.654134851842982817e-08
1.980443682705060941e-08
2.375221211644847290e-08
2.854807973734797810e-08
3.440293295492970997e-08
4.159218385302454225e-08
5.048015968009178661e-08
6.155560440151854319e-08
7.548422948983051071e-08
9.318796260449220454e-08
1.159669228328802612e-07
1.456914383498073272e-07
1.851119967750471728e-07
2.383737990867704254e-07
3.118985135610788457e-07
4.159511209136006333e-07
5.675442263285703162e-07
7.960998892047016146e-07
1.155199740697814413e-06
1.749025083433243313e-06
2.798435359342773279e-06
4.827927218126950149e-06
9.260509411603202700e-06
2.045733831266340706e-05
5.278436054472341850e-05
1.537360171636367701e-04
4.705820247742038354e-04
1.404544041131170927e-03
3.846279341028046271e-03
9.234001930860286783e-03
1.887256697317841320e-02
3.259307490396522178e-02
4.843018825832039187e-02
6.416273545702629033e-02
7.873375048942336807e-02
9.221698415852484787e-02
1.051394681911936302e-01
1.180049153325527511e-01
1.311363270595913566e-01
1.446850962598916213e-01
1.586851361733326027e-01
1.731012571822956869e-01
1.878607006888262931e-01
2.028710368827494614e-01
2.180300117195483611e-01
2.332314339578143436e-01
2.483693030119739631e-01
2.633411090157906087e-01
2.780505945910420884e-01
2.924100136092602775e-01
3.063418555925014330e-01
3.197800126578096980e-01
3.326703970826450640e-01
3.449710502298422021e-01
3.566518094935899885e-01
3.676936164484748693e-01
3.780875564292274227e-01
3.878337186172901019e-01
3.969399583073242588e-01
4.054206315137127703e-01
4.132953584592208851e-01
4.205878584298474721e-01
4.273248852145469234e-01
4.335352806730670694e-01
4.392491543039844792e-01
4.444971891314931645e-01
4.493100686942736455e-01
4.537180161725081207e-01
4.577504344344062726e-01
4.614356347100373457e-01
4.648006414128698638e-01
4.678710610684827520e-01
4.706710041593033522e-01
4.732230497829059690e-01
4.755482442199498450e-01
4.776661257232224789e-01
4.795947690082463244e-01
4.813508440088187235e-01
4.829496844357648588e-01
4.844053625349824532e-01
4.857307671814700689e-01
4.869376830749237439e-01
4.880368693288412163e-01
4.890381361796584114e-01
4.899504188966274931e-01
4.907818482581964292e-01
4.915398171870070110e-01
4.922310433129066798e-01
4.928616273699963357e-01
4.934371074371129984e-01
4.939625091076051411e-01
4.944423917291044801e-01
4.948808908917258775e-01
4.952817573674474505e-01
4.956483927173103710e-01
4.959838817890573903e-01
4.962910223278484967e-01
4.965723519183400936e-01
4.968301724689559995e-01
4.970665724395925689e-01
4.972834470030536025e-01
4.974825163187936994e-01
4.976653420854906806e-01
4.978333425269296786e-01
4.979878059538725421e-01
4.981299030331861055e-01
4.982606978846584322e-01
4.983811581156579740e-01
4.984921638941603450e-01
4.985945161517421065e-01
4.986889439997865270e-01
4.987761114345464764e-01
4.988566233996038490e-01
4.989310312678638115e-01
4.989998377993072887e-01
4.990635016253243683e-01
4.991224413056158382e-01
4.991770389991463386e-01
4.992276437866424166e-01
4.992745746784553185e-01
4.993181233383136575e-01
4.993585565505042623e-01
4.993961184552986876e-01
4.994310325750438428e-01
4.994635036510954307e-01
4.994937193098145656e-01
4.995218515740487697e-01
4.995480582349105525e-01
4.995724840972046721e-01
4.995952621105677616e-01
4.996165143971765810e-01
4.996363531858322715e-01
4.996548816612900179e-01
4.996721947367913641e-01
4.996883797570459973e-01
4.997035171381462582e-01
4.997176809503223738e-01
4.997309394488290701e-01
4.997433555577907027e-01
4.997549873113236174e-01
4.997658882558883020e-01
4.997761078173907356e-01
4.997856916362802826e-01
4.997946818735199970e-01
4.998031174900874340e-01
4.998110345023742407e-01
4.998184662156480162e-01
4.998254434375407063e-01
4.998319946733231212e-01
4.998381463045888928e-01
4.998439227527926576e-01
4.998493466289792297e-01
4.998544388708912600e-01
4.998592188685606619e-01
4.998637045793499767e-01
4.998679126333702150e-01
4.998718584300731460e-01
4.998755562267562236e-01
4.998790192196734261e-01
4.998822596183424838e-01
4.998852887136145950e-01
4.998881169400092306e-01
4.998907539327773208e-01
4.998932085800995018e-01
4.998954890708031673e-01
4.998976029379428865e-01
4.998995570985504955e-01
4.999013578898366950e-01
4.999030111020984490e-01
4.999045220085694963e-01
4.999058953924006010e-01
4.999071355709837072e-01
4.999082464177598828e-01
4.999092313816765332e-01
4.999100935044173410e-01
4.999108354355261685e-01
4.999114594455196237e-01
4.999119674370855471e-01
4.999123609544330882e-01
4.999126411908568213e-01
4.999128089945770181e-01
4.999128648728761171e-01
4.999128089945757969e-01
4.999126411908560441e-01
4.999123609544323110e-01
4.999119674370853250e-01
4.999114594455194016e-01
4.999108354355262795e-01
4.999100935044172300e-01
4.999092313816770883e-01
4.999082464177601048e-01
4.999071355709828746e-01
4.999058953923996573e-01
4.999045220085686081e-01
4.999030111020988931e-01
4.999013578898370280e-01
4.998995570985509396e-01
4.998976029379436636e-01
4.998954890708038334e-01
4.998932085800998348e-01
4.998907539327777649e-01
4.998881169400095636e-01
4.998852887136147061e-01
4.998822596183424838e-01
4.998790192196734261e-01
4.998755562267561126e-01
4.998718584300734791e-01
4.998679126333717693e-01
4.998637045793504208e-01
4.998592188685611060e-01
4.998544388708915931e-01
4.998493466289782305e-01
4.998439227527914919e-01
4.998381463045887818e-01
4.998319946733242314e-01
4.998254434375420385e-01
4.998184662156479052e-01
4.998110345023741297e-01
4.998031174900873230e-01
4.997946818735187757e-01
4.997856916362789503e-01
4.997761078173892924e-01
4.997658882558863036e-01
4.997549873113232843e-01
4.997433555577894260e-01
4.997309394488282930e-01
4.997176809503222628e-01
4.997035171381459251e-01
4.996883797570458863e-01
4.996721947367913641e-01
4.996548816612900179e-01
4.996363531858324936e-01
4.996165143971766920e-01
4.995952621105683167e-01
4.995724840972050051e-01
4.995480582349111076e-01
4.995218515740496579e-01
4.994937193098148986e-01
4.994635036510949866e-01
4.994310325750431767e-01
4.993961184552976884e-01
4.993585565505037072e-01
4.993181233383138795e-01
4.992745746784554295e-01
4.992276437866429717e-01
4.991770389991465606e-01
4.991224413056152831e-01
4.990635016253238132e-01
4.989998377993070666e-01
4.989310312678648107e-01
4.988566233996035160e-01
4.987761114345465874e-01
4.986889439997868601e-01
4.985945161517419955e-01
4.984921638941607891e-01
4.983811581156585291e-01
4.982606978846587653e-01
4.981299030331859945e-01
4.979878059538728752e-01
4.978333425269296231e-01
4.976653420854906806e-01
4.974825163187939769e-01
4.972834470030536025e-01
4.970665724395925689e-01
4.968301724689562215e-01
4.965723519183399826e-01
4.962910223278481636e-01
4.959838817890564466e-01
4.956483927173097048e-01
4.952817573674468954e-01
4.948808908917257110e-01
4.944423917291043691e-01
4.939625091076054186e-01
4.934371074371134425e-01
4.928616273699965022e-01
4.922310433129072349e-01
4.915398171870076771e-01
4.907818482581969843e-01
4.899504188966278262e-01
4.890381361796583559e-01
4.880368693288407167e-01
4.869376830749236884e-01
4.857307671814704020e-01
4.844053625349822867e-01
4.829496844357647478e-01
4.813508440088185569e-01
4.795947690082456583e-01
4.776661257232220348e-01
4.755482442199497339e-01
4.732230497829061355e-01
4.706710041593035188e-01
4.678710610684827520e-01
4.648006414128696417e-01
4.614356347100371236e-01
4.577504344344062726e-01
4.537180161725074545e-01
4.493100686942728683e-01
4.444971891314927204e-01
4.392491543039836466e-01
4.335352806730657371e-01
4.273248852145452581e-01
4.205878584298456957e-01
4.132953584592197749e-01
4.054206315137117711e-01
3.969399583073237592e-01
3.878337186172899353e-01
3.780875564292264235e-01
3.676936164484739811e-01
3.566518094935885452e-01
3.449710502298407588e-01
3.326703970826435652e-01
3.197800126578083657e-01
3.063418555925001563e-01
2.924100136092593893e-01
2.780505945910418109e-01
2.633411090157897205e-01
2.483693030119727418e-01
2.332314339578128171e-01
2.180300117195468346e-01
2.028710368827477128e-01
1.878607006888247666e-01
1.731012571822942436e-01
1.586851361733311316e-01
1.446850962598903167e-01
1.311363270595901354e-01
1.180049153325515021e-01
1.051394681911924922e-01
9.221698415852379316e-02
7.873375048942210519e-02
6.416273545702477765e-02
4.843018825831874041e-02
3.259307490396375767e-02
1.887256697317731338e-02
9.234001930859587690e-03
3.846279341027704097e-03
1.404544041131033016e-03
4.705820247741554258e-04
1.537360171636209950e-04
5.278436054471839729e-05
2.045733831266172316e-05
9.260509411602579284e-06
4.827927218126685027e-06
2.798435359342646648e-06
1.749025083433171316e-06
1.155199740697773332e-06
7.960998892046736625e-07
5.675442263285516814e-07
4.159511209135864984e-07
3.118985135610689460e-07
2.383737990867633580e-07
1.851119967750420642e-07
1.456914383498037008e-07
1.159669228328776407e-07
9.318796260449031195e-08
7.548422948982898869e-08
6.155560440151741822e-08
5.048015968009086016e-08
4.159218385302384080e-08
3.440293295492905484e-08
2.854807973734743216e-08
2.375221211644802622e-08
1.980443682705028516e-08
1.654134851842962964e-08
1.383496561266509645e-08
1.158406700077721846e-08
9.707890566309507559e-09
8.141493758321957396e-09
6.832298369273636211e-09
5.737489041803916379e-09
4.822034243718644636e-09
4.057166109751621859e-09
3.419202245020058626e-09
2.888625178726957266e-09
2.449358151319620398e-09
2.088192308704445070e-09
1.794332178532278782e-09
1.559034887646227178e-09
1.375324890368811536e-09
1.237770671119634292e-09
1.142313424406757866e-09
1.086140431014138514e-09
