1.062749686308081726e-09
1.081079776276712003e-09
1.136588543654138610e-09
1.230845088881176380e-09
1.366510221284338126e-09
1.547405918205858856e-09
1.778614595737898273e-09
2.066610302390152291e-09
2.419424671183618762e-09
2.846851284305638314e-09
3.360693043973784969e-09
3.975058234797509307e-09
4.706712245167027355e-09
5.575493436793522623e-09
6.604803475514357503e-09
7.822184645351616158e-09
9.259999370234036030e-09
1.095623050739436899e-08
1.295542514350325223e-08
1.530980987159853205e-08
1.808061218963432549e-08
2.133963118784816696e-08
2.517111168137238402e-08
2.967399020162995782e-08
3.496459987145987229e-08
4.117994562817253223e-08
4.848169353563902064e-08
5.706106079881288009e-08
6.714485037051902027e-08
7.900295101814039213e-08
9.295772781968190264e-08
1.093958697687211748e-07
1.287834554195784374e-07
1.516852657590185277e-07
1.787897468806483828e-07
2.109415491655070506e-07
2.491843120219286606e-07
2.948174247444205851e-07
3.494720273639776406e-07
4.152137540274696847e-07
4.946830271252426641e-07
5.912886502786207636e-07
7.094779238075040444e-07
8.551179700547736418e-07
1.036040783427089616e-06
1.262832656183452817e-06
1.549993734629508021e-06
1.917666965323236025e-06
2.394257589263613477e-06
3.020470265451337855e-06
3.855645657575434275e-06
4.987902308173305096e-06
6.550711700686426506e-06
8.750600037830202980e-06
1.191456872255903673e-05
1.657337976846258321e-05
2.361190425641721308e-05
3.454861289613578198e-05
5.207159149481932090e-05
8.110083417204925853e-05
1.309660239137716445e-04
2.200228150809285614e-04
3.857353763611218525e-04
7.071660971387824356e-04
1.355324497736531009e-03
2.703024186928649261e-03
5.547815401242496905e-03
1.150084437429840269e-02
2.347646937732471989e-02
4.584019484977999714e-02
8.327140516573937334e-02
1.377756911363297310e-01
2.055808485465428215e-01
2.775271392708778539e-01
3.435875731381237141e-01
3.973731464454180462e-01
4.372386029815801822e-01
4.647392118106889458e-01
4.826614453921816983e-01
4.937667349335345124e-01
5.002835286797775449e-01
5.038324431382116275e-01
5.055235879580262104e-01
5.060895885691768514e-01
5.060018077189226693e-01
5.055574739805498430e-01
5.049403876045418516e-01
5.042615813870507946e-01
5.035859505929980440e-01
5.029494622663740477e-01
5.023701821034850523e-01
5.018552953856871834e-01
5.014055508042704057e-01
5.010180533156471938e-01
5.006880023422370929e-01
5.004097580278508151e-01
5.001774808197155808e-01
4.999855014722067725e-01
4.998285220359219294e-01
4.997017121391699179e-01
4.996007415967009813e-01
4.995217754306934266e-01
4.994614477817401199e-01
4.994168250157580702e-01
4.993853643737236059e-01
4.993648719792336266e-01
4.993534624080674944e-01
4.993495210075838964e-01
4.993516695207254052e-01
4.993587351828260301e-01
4.993697232306948397e-01
4.993837926351031853e-01
4.994002348026110316e-01
4.994184549665788841e-01
4.994379559847080818e-01
4.994583242716260085e-01
4.994792176135737227e-01
4.995003546342236533e-01
4.995215057036176409e-01
4.995424851047633452e-01
4.995631442937002453e-01
4.995833661084858046e-01
4.996030598003507461e-01
4.996221567762287319e-01
4.996406069560600516e-01
4.996583756608040661e-01
4.996754409581176115e-01
4.996917914023252250e-01
4.997074241137501871e-01
4.997223431498405977e-01
4.997365581269435642e-01
4.997500830571501851e-01
4.997629353694879040e-01
4.997751350889269029e-01
4.997867041503271657e-01
4.997976658275984363e-01
4.998080442610858265e-01
4.998178640685578267e-01
4.998271500272239987e-01
4.998359268159732194e-01
4.998442188085565063e-01
4.998520499097569014e-01
4.998594434277304210e-01
4.998664219766805195e-01
4.998730074048813865e-01
4.998792207437903756e-01
4.998850821746212425e-01
4.998906110092924404e-01
4.998958256831221858e-01
4.999007437570543999e-01
4.999053819275257604e-01
4.999097560423933495e-01
4.999138811215845801e-01
4.999177713813524049e-01
4.999214402611968366e-01
4.999249004526764018e-01
4.999281639294642643e-01
4.999312419781180572e-01
4.999341452291325427e-01
4.999368836879167222e-01
4.999394667654191160e-01
4.999419033081725638e-01
4.999442016275862377e-01
4.999463695283488107e-01
4.999484143358462473e-01
4.999503429225192752e-01
4.999521617331152412e-01
4.999538768088080953e-01
4.999554938101720136e-01
4.999570180390118246e-01
4.999584544590593982e-01
4.999598077155544273e-01
4.999610821537396887e-01
4.999622818362971510e-01
4.999634105597602352e-01
4.999644718699396417e-01
4.999654690763961629e-01
4.999664052660078850e-01
4.999672833156609264e-01
4.999681059041091724e-01
4.999688755230397019e-01
4.999695944873797648e-01
4.999702649448846681e-01
4.999708888850337707e-01
4.999714681472786637e-01
4.999720044286666831e-01
4.999724992908723409e-01
4.999729541666642074e-01
4.999733703658371664e-01
4.999737490806270279e-01
4.999740913906391970e-01
4.999743982673034992e-01
4.999746705778824185e-01
4.999749090890429626e-01
4.999751144700145811e-01
4.999752872953399097e-01
4.999754280472362700e-01
4.999755371175764185e-01
4.999756148094963715e-01
4.999756613386382997e-01
4.999756768340347657e-01
4.999756613386384108e-01
4.999756148094962604e-01
4.999755371175764185e-01
4.999754280472361589e-01
4.999752872953397986e-01
4.999751144700146921e-01
4.999749090890431846e-01
4.999746705778826406e-01
4.999743982673036102e-01
4.999740913906389750e-01
4.999737490806267504e-01
4.999733703658370554e-01
4.999729541666639299e-01
4.999724992908719523e-01
4.999720044286665721e-01
4.999714681472787747e-01
4.999708888850336597e-01
4.999702649448845015e-01
4.999695944873797648e-01
4.999688755230394799e-01
4.999681059041090614e-01
4.999672833156608154e-01
4.999664052660079960e-01
4.999654690763960518e-01
4.999644718699397528e-01
4.999634105597602352e-01
4.999622818362968735e-01
4.999610821537397998e-01
4.999598077155547049e-01
4.999584544590597313e-01
4.999570180390120466e-01
4.999554938101719026e-01
4.999538768088080953e-01
4.999521617331153522e-01
4.999503429225197193e-01
4.999484143358467469e-01
4.999463695283489217e-01
4.999442016275864042e-01
4.999419033081730079e-01
4.999394667654197266e-01
4.999368836879170552e-01
4.999341452291326537e-01
4.999312419781178907e-01
4.999281639294639312e-01
4.999249004526764018e-01
4.999214402611967256e-01
4.999177713813521273e-01
4.999138811215839695e-01
4.999097560423927944e-01
4.999053819275254273e-01
4.999007437570542889e-01
4.998958256831219082e-01
4.998906110092919408e-01
4.998850821746212425e-01
4.998792207437903201e-01
4.998730074048813865e-01
4.998664219766801864e-01
4.998594434277300325e-01
4.998520499097567349e-01
4.998442188085565063e-01
4.998359268159733304e-01
4.998271500272242207e-01
4.998178640685575491e-01
4.998080442610854934e-01
4.997976658275979922e-01
4.997867041503266661e-01
4.997751350889264588e-01
4.997629353694877374e-01
4.997500830571501851e-01
4.997365581269435642e-01
4.997223431498408752e-01
4.997074241137504091e-01
4.996917914023254470e-01
4.996754409581173895e-01
4.996583756608040106e-01
4.996406069560600516e-01
4.996221567762285098e-01
4.996030598003506351e-01
4.995833661084856936e-01
4.995631442936997457e-01
4.995424851047629011e-01
4.995215057036172523e-01
4.995003546342233758e-01
4.994792176135738337e-01
4.994583242716260640e-01
4.994379559847081929e-01
4.994184549665792172e-01
4.994002348026112537e-01
4.993837926351034628e-01
4.993697232306950617e-01
4.993587351828260301e-01
4.993516695207255163e-01
4.993495210075840074e-01
4.993534624080674944e-01
4.993648719792335156e-01
4.993853643737233283e-01
4.994168250157579592e-01
4.994614477817405640e-01
4.995217754306937596e-01
4.996007415967013143e-01
4.997017121391705285e-01
4.998285220359224845e-01
4.999855014722073832e-01
5.001774808197155808e-01
5.004097580278513702e-01
5.006880023422376480e-01
5.010180533156473048e-01
5.014055508042705167e-01
5.018552953856872945e-01
5.023701821034852744e-01
5.029494622663744918e-01
5.035859505929979330e-01
5.042615813870506836e-01
5.049403876045418516e-01
5.055574739805505091e-01
5.060018077189227803e-01
5.060895885691769625e-01
5.055235879580262104e-01
5.038324431382110724e-01
5.002835286797769898e-01
4.937667349335336797e-01
4.826614453921803660e-01
4.647392118106868364e-01
4.372386029815771291e-01
3.973731464454141604e-01
3.435875731381188847e-01
2.775271392708720253e-01
2.055808485465369373e-01
1.377756911363246239e-01
8.327140516573561246e-02
4.584019484977754078e-02
2.347646937732332864e-02
1.150084437429769492e-02
5.547815401242162103e-03
2.703024186928489232e-03
1.355324497736453380e-03
7.071660971387439465e-04
3.857353763611024995e-04
2.200228150809182073e-04
1.309660239137659524e-04
8.110083417204587040e-05
5.207159149481727447e-05
3.454861289613452160e-05
2.361190425641642365e-05
1.657337976846206482e-05
1.191456872255868606e-05
8.750600037829960729e-06
6.550711700686251170e-06
4.987902308173171265e-06
3.855645657575335172e-06
3.020470265451263317e-06
2.394257589263557150e-06
1.917666965323192403e-06
1.549993734629473293e-06
1.262832656183425500e-06
1.036040783427068228e-06
8.551179700547570188e-07
7.094779238074909154e-07
5.912886502786103875e-07
4.946830271252342997e-07
4.152137540274630143e-07
3.494720273639723996e-07
2.948174247444164029e-07
2.491843120219251666e-07
2.109415491655039537e-07
1.787897468806456829e-07
1.516852657590163837e-07
1.287834554195767169e-07
1.093958697687197322e-07
9.295772781968064532e-08
7.900295101813934658e-08
6.714485037051814676e-08
5.706106079881216541e-08
4.848169353563840522e-08
4.117994562817199622e-08
3.496459987145939584e-08
2.967399020162953761e-08
2.517111168137202999e-08
2.133963118784787911e-08
1.808061218963408726e-08
1.530980987159831367e-08
1.295542514350305867e-08
1.095623050739419528e-08
9.259999370233893755e-09
7.822184645351492081e-09
6.604803475514235080e-09
5.575493436793404336e-09
4.706712245166914859e-09
3.975058234797405082e-09
3.360693043973674540e-09
2.846851284305539052e-09
2.419424671183526531e-09
2.066610302390072468e-09
1.778614595737828169e-09
1.547405918205802607e-09
1.366510221284295112e-09
1.230845088881148876e-09
1.136588543654123100e-09
1.081079776276705179e-09
