1.062749686308081726e-09
1.366510221284338126e-09
2.419424671183618762e-09
4.706712245167027355e-09
9.259999370234036030e-09
1.808061218963432549e-08
3.496459987145987229e-08
6.714485037051902027e-08
1.287834554195784374e-07
2.491843120219286606e-07
4.946830271252426641e-07
1.036040783427089616e-06
2.394257589263613477e-06
6.550711700686426506e-06
2.361190425641721308e-05
1.309660239137716445e-04
1.355324497736531009e-03
2.347646937732471989e-02
2.055808485465428215e-01
4.372386029815801822e-01
5.002835286797775449e-01
5.060018077189226693e-01
5.035859505929980440e-01
5.014055508042704057e-01
5.001774808197155808e-01
4.996007415967009813e-01
4.993853643737236059e-01
4.993516695207254052e-01
4.994002348026110316e-01
4.994792176135737227e-01
4.995631442937002453e-01
4.996406069560600516e-01
4.997074241137501871e-01
4.997629353694879040e-01
4.998080442610858265e-01
4.998442188085565063e-01
4.998730074048813865e-01
4.998958256831221858e-01
4.999138811215845801e-01
4.999281639294642643e-01
4.999394667654191160e-01
4.999484143358462473e-01
4.999554938101720136e-01
4.999610821537396887e-01
4.999654690763961629e-01
4.999688755230397019e-01
4.999714681472786637e-01
4.999733703658371664e-01
4.999746705778824185e-01
4.999754280472362700e-01
4.999756768340347657e-01
4.999754280472361589e-01
4.999746705778826406e-01
4.999733703658370554e-01
4.999714681472787747e-01
4.999688755230394799e-01
4.999654690763960518e-01
4.999610821537397998e-01
4.999554938101719026e-01
4.999484143358467469e-01
4.999394667654197266e-01
4.999281639294639312e-01
4.999138811215839695e-01
4.998958256831219082e-01
4.998730074048813865e-01
4.998442188085565063e-01
4.998080442610854934e-01
4.997629353694877374e-01
4.997074241137504091e-01
4.996406069560600516e-01
4.995631442936997457e-01
4.994792176135738337e-01
4.994002348026112537e-01
4.993516695207255163e-01
4.993853643737233283e-01
4.996007415967013143e-01
5.001774808197155808e-01
5.014055508042705167e-01
5.035859505929979330e-01
5.060018077189227803e-01
5.002835286797769898e-01
4.372386029815771291e-01
2.055808485465369373e-01
2.347646937732332864e-02
1.355324497736453380e-03
1.309660239137659524e-04
2.361190425641642365e-05
6.550711700686251170e-06
2.394257589263557150e-06
1.036040783427068228e-06
4.946830271252342997e-07
2.491843120219251666e-07
1.287834554195767169e-07
6.714485037051814676e-08
3.496459987145939584e-08
1.808061218963408726e-08
9.259999370233893755e-09
4.706712245166914859e-09
2.419424671183526531e-09
1.366510221284295112e-09
