1.117386156546144432e-09
1.201326481703553927e-09
1.467146002664285486e-09
1.960794298224765285e-09
2.774012153305713458e-09
4.075523796894907058e-09
6.178850665065100339e-09
9.696906502721271072e-09
1.592561807284957532e-08
2.791605969850018669e-08
5.404697442330847325e-08
1.244153704969401861e-07
4.233047708513088528e-07
2.979349747808908566e-06
3.239546657117562642e-05
2.957071860043863519e-04
1.595699197819921370e-03
4.514852685110115095e-03
8.011406554504831370e-03
1.166332156138279001e-02
1.599491152031401464e-02
2.148631481959905123e-02
2.848578025184635848e-02
3.731917364220788125e-02
4.831517513457594254e-02
6.178360699776397347e-02
7.797623888675332682e-02
9.703852807230207989e-02
1.189601362241877180e-01
1.435357111119170692e-01
1.703489661118039733e-01
1.987899894977919746e-01
2.281076250417030937e-01
2.574882436679591935e-01
2.861438551328719382e-01
3.133902283119835430e-01
3.387002704423718313e-01
3.617266515775616753e-01
3.822963768475541868e-01
4.003855840980892200e-01
4.160844161912728434e-01
4.295603601513799941e-01
4.410256038754528096e-01
4.507111012167679953e-01
4.588478821491325244e-01
4.656548615690206394e-01
4.713318392081229935e-01
4.760562965114539247e-01
4.799827604946610426e-01
4.832437631289820956e-01
4.859516873767399936e-01
4.882010155774865190e-01
4.900706698047119780e-01
4.916262594795091645e-01
4.929221374116922738e-01
4.940032212029896175e-01
4.949065712219173907e-01
4.956627360067412669e-01
4.962968860511190461e-01
4.968297610536179243e-01
4.972784562887261894e-01
4.976570723661813411e-01
4.979772502877414242e-01
4.982486109934037843e-01
4.984791158640632380e-01
4.986753621026330241e-01
4.988428246387484610e-01
4.989860542211365657e-01
4.991088396712752839e-01
4.992143408490911094e-01
4.993051976957552651e-01
4.993836197379462605e-01
4.994514596310640209e-01
4.995102736579095648e-01
4.995613715591376014e-01
4.996058576316622091e-01
4.996446646726092067e-01
4.996785820549246582e-01
4.997082789836388428e-01
4.997343237891515022e-01
4.997571999571353563e-01
4.997773194672614494e-01
4.997950339091669636e-01
4.998106437595792872e-01
4.998244061356713619e-01
4.998365412833936650e-01
4.998472380136730342e-01
4.998566582616387755e-01
4.998649409133512633e-01
4.998722050191221622e-01
4.998785524916880552e-01
4.998840703704258148e-01
4.998888327185528890e-01
4.998929022085127349e-01
4.998963314409734515e-01
4.998991640346802656e-01
4.999014355175041557e-01
4.999031740431897353e-01
4.999044009533042954e-01
4.999051311994722746e-01
4.999053736372731094e-01
4.999051311994713864e-01
4.999044009533024080e-01
4.999031740431906234e-01
4.999014355175042668e-01
4.998991640346828191e-01
4.998963314409733405e-01
4.998929022085117357e-01
4.998888327185504465e-01
4.998840703704257038e-01
4.998785524916876111e-01
4.998722050191267141e-01
4.998649409133568700e-01
4.998566582616409959e-01
4.998472380136752546e-01
4.998365412833939980e-01
4.998244061356679757e-01
4.998106437595800644e-01
4.997950339091654093e-01
4.997773194672596730e-01
4.997571999571338019e-01
4.997343237891486156e-01
4.997082789836391203e-01
4.996785820549247692e-01
4.996446646726107055e-01
4.996058576316596000e-01
4.995613715591364357e-01
4.995102736579130065e-01
4.994514596310652976e-01
4.993836197379465380e-01
4.993051976957543769e-01
4.992143408490901657e-01
4.991088396712739517e-01
4.989860542211356775e-01
4.988428246387480169e-01
4.986753621026325245e-01
4.984791158640659026e-01
4.982486109934052276e-01
4.979772502877393703e-01
4.976570723661821738e-01
4.972784562887253013e-01
4.968297610536179243e-01
4.962968860511184355e-01
4.956627360067397126e-01
4.949065712219184454e-01
4.940032212029921710e-01
4.929221374116939947e-01
4.916262594795087204e-01
4.900706698047123111e-01
4.882010155774870741e-01
4.859516873767372180e-01
4.832437631289818736e-01
4.799827604946597659e-01
4.760562965114527589e-01
4.713318392081204955e-01
4.656548615690185855e-01
4.588478821491325799e-01
4.507111012167668296e-01
4.410256038754534202e-01
4.295603601513804382e-01
4.160844161912731765e-01
4.003855840980857783e-01
3.822963768475506896e-01
3.617266515775536262e-01
3.387002704423666688e-01
3.133902283119808785e-01
2.861438551328686075e-01
2.574882436679545306e-01
2.281076250417000684e-01
1.987899894977893100e-01
1.703489661118015308e-01
1.435357111119155149e-01
1.189601362241868437e-01
9.703852807230202437e-02
7.797623888675350723e-02
6.178360699776364040e-02
4.831517513457543600e-02
3.731917364220737471e-02
2.848578025184604970e-02
2.148631481959907899e-02
1.599491152031400770e-02
1.166332156138275185e-02
8.011406554504843514e-03
4.514852685110102085e-03
1.595699197819884724e-03
2.957071860043762688e-04
3.239546657117399334e-05
2.979349747808733653e-06
4.233047708512963061e-07
1.244153704969379627e-07
5.404697442330699756e-08
2.791605969849905842e-08
1.592561807284885402e-08
9.696906502720467052e-09
6.178850665064073807e-09
4.075523796893562062e-09
2.774012153304158772e-09
1.960794298223407468e-09
1.467146002663278807e-09
1.201326481702806776e-09
