1.117386156546144432e-09
1.138159697747783890e-09
1.201326481703553927e-09
1.309481672923585405e-09
1.467146002664285486e-09
1.681082860169447609e-09
1.960794298224765285e-09
2.319259022001273216e-09
2.774012153305713458e-09
3.348723639325344538e-09
4.075523796894907058e-09
4.998475708662537052e-09
6.178850665065100339e-09
7.703310458549724009e-09
9.696906502721271072e-09
1.234431038645719146e-08
1.592561807284957532e-08
2.087906213226553918e-08
2.791605969850018669e-08
3.824530441589413693e-08
5.404697442330847325e-08
7.960127811024994258e-08
1.244153704969401861e-07
2.133506083746546864e-07
4.233047708513088528e-07
1.021839206058587815e-06
2.979349747808908566e-06
9.721578874805370402e-06
3.239546657117562642e-05
1.027889622519338741e-04
2.957071860043863519e-04
7.438630988147290667e-04
1.595699197819921370e-03
2.895963325928078459e-03
4.514852685110115095e-03
6.256105733136383719e-03
8.011406554504831370e-03
9.790320475171006634e-03
1.166332156138279001e-02
1.370939931897435446e-02
1.599491152031401464e-02
1.857247263892902386e-02
2.148631481959905123e-02
2.477730084288589860e-02
2.848578025184635848e-02
3.265262302799244731e-02
3.731917364220788125e-02
4.252664191111320963e-02
4.831517513457594254e-02
5.472270460087703958e-02
6.178360699776397347e-02
6.952721679653003917e-02
7.797623888675332682e-02
8.714512904546826977e-02
9.703852807230207989e-02
1.076498503511993249e-01
1.189601362241877180e-01
1.309372771471589980e-01
1.435357111119170692e-01
1.566966624827170751e-01
1.703489661118039733e-01
1.844104731232171779e-01
1.987899894977919746e-01
2.133896540327699654e-01
2.281076250417030937e-01
2.428409201323521727e-01
2.574882436679591935e-01
2.719526429362509323e-01
2.861438551328719382e-01
2.999802395639779018e-01
3.133902283119835430e-01
3.263132689735626646e-01
3.387002704423718313e-01
3.505135936407456909e-01
3.617266515775616753e-01
3.723231965065872395e-01
3.822963768475541868e-01
3.916476443041053135e-01
4.003855840980892200e-01
4.085247303569857213e-01
4.160844161912728434e-01
4.230876953068075652e-01
4.295603601513799941e-01
4.355300712508095584e-01
4.410256038754528096e-01
4.460762115645043879e-01
4.507111012167679953e-01
4.549590112178968360e-01
4.588478821491325244e-01
4.624046087342652545e-01
4.656548615690206394e-01
4.686229676119210708e-01
4.713318392081229935e-01
4.738029424174273752e-01
4.760562965114539247e-01
4.781104976106910209e-01
4.799827604946610426e-01
4.816889736026537250e-01
4.832437631289820956e-01
4.846605628976776159e-01
4.859516873767399936e-01
4.871284057663937683e-01
4.882010155774865190e-01
4.891789145146769324e-01
4.900706698047119780e-01
4.908840843728196623e-01
4.916262594795091645e-01
4.923036535944972369e-01
4.929221374116922738e-01
4.934870450057980418e-01
4.940032212029896175e-01
4.944750652899875809e-01
4.949065712219173907e-01
4.953013645128450104e-01
4.956627360067412669e-01
4.959936727329589123e-01
4.962968860511190461e-01
4.965748372868674099e-01
4.968297610536179243e-01
4.970636864469776262e-01
4.972784562887261894e-01
4.974757445867348804e-01
4.976570723661813411e-01
4.978238220165184247e-01
4.979772502877414242e-01
4.981185000591046297e-01
4.982486109934037843e-01
4.983685291803918171e-01
4.984791158640632380e-01
4.985811553401763296e-01
4.986753621026330241e-01
4.987623873102356997e-01
4.988428246387484610e-01
4.989172155770977279e-01
4.989860542211365657e-01
4.990497916132104472e-01
4.991088396712752839e-01
4.991635747470728468e-01
4.992143408490911094e-01
4.992614525625733157e-01
4.993051976957552651e-01
4.993458396786195075e-01
4.993836197379462605e-01
4.994187588701226033e-01
4.994514596310640209e-01
4.994819077607121072e-01
4.995102736579095648e-01
4.995367137198754581e-01
4.995613715591376014e-01
4.995843791095194164e-01
4.996058576316622091e-01
4.996259186275578967e-01
4.996446646726092067e-01
4.996621901729328963e-01
4.996785820549246582e-01
4.996939203933504769e-01
4.997082789836388428e-01
4.997217258636049708e-01
4.997343237891515022e-01
4.997461306682833282e-01
4.997571999571353563e-01
4.997675810215458370e-01
4.997773194672614494e-01
4.997864574416025496e-01
4.997950339091669636e-01
4.998030849038957446e-01
4.998106437595792872e-01
4.998177413207529618e-01
4.998244061356713619e-01
4.998306646329648273e-01
4.998365412833936650e-01
4.998420587479723287e-01
4.998472380136730342e-01
4.998520985177445364e-01
4.998566582616387755e-01
4.998609339154018172e-01
4.998649409133512633e-01
4.998686935417473443e-01
4.998722050191221622e-01
4.998754875698803724e-01
4.998785524916880552e-01
4.998814102171860729e-01
4.998840703704258148e-01
4.998865418184762488e-01
4.998888327185528890e-01
4.998909505610139026e-01
4.998929022085127349e-01
4.998946939315915827e-01
4.998963314409734515e-01
4.998978199167474767e-01
4.998991640346802656e-01
4.999003679898117447e-01
4.999014355175041557e-01
4.999023699120789810e-01
4.999031740431897353e-01
4.999038503699996250e-01
4.999044009533042954e-01
4.999048274656361368e-01
4.999051311994722746e-01
4.999053130735326977e-01
4.999053736372731094e-01
4.999053130735343631e-01
4.999051311994713864e-01
4.999048274656358037e-01
4.999044009533024080e-01
4.999038503700004021e-01
4.999031740431906234e-01
4.999023699120814235e-01
4.999014355175042668e-01
4.999003679898161856e-01
4.998991640346828191e-01
4.998978199167468106e-01
4.998963314409733405e-01
4.998946939315899174e-01
4.998929022085117357e-01
4.998909505610139026e-01
4.998888327185504465e-01
4.998865418184740284e-01
4.998840703704257038e-01
4.998814102171869611e-01
4.998785524916876111e-01
4.998754875698799283e-01
4.998722050191267141e-01
4.998686935417521182e-01
4.998649409133568700e-01
4.998609339154053699e-01
4.998566582616409959e-01
4.998520985177468678e-01
4.998472380136752546e-01
4.998420587479727728e-01
4.998365412833939980e-01
4.998306646329641612e-01
4.998244061356679757e-01
4.998177413207522957e-01
4.998106437595800644e-01
4.998030849038946344e-01
4.997950339091654093e-01
4.997864574416013284e-01
4.997773194672596730e-01
4.997675810215450598e-01
4.997571999571338019e-01
4.997461306682824955e-01
4.997343237891486156e-01
4.997217258636031945e-01
4.997082789836391203e-01
4.996939203933480345e-01
4.996785820549247692e-01
4.996621901729344506e-01
4.996446646726107055e-01
4.996259186275570086e-01
4.996058576316596000e-01
4.995843791095164188e-01
4.995613715591364357e-01
4.995367137198782337e-01
4.995102736579130065e-01
4.994819077607136615e-01
4.994514596310652976e-01
4.994187588701245462e-01
4.993836197379465380e-01
4.993458396786200071e-01
4.993051976957543769e-01
4.992614525625708732e-01
4.992143408490901657e-01
4.991635747470732354e-01
4.991088396712739517e-01
4.990497916132073386e-01
4.989860542211356775e-01
4.989172155770976724e-01
4.988428246387480169e-01
4.987623873102366989e-01
4.986753621026325245e-01
4.985811553401772733e-01
4.984791158640659026e-01
4.983685291803937600e-01
4.982486109934052276e-01
4.981185000591056844e-01
4.979772502877393703e-01
4.978238220165180916e-01
4.976570723661821738e-01
4.974757445867344363e-01
4.972784562887253013e-01
4.970636864469772931e-01
4.968297610536179243e-01
4.965748372868663552e-01
4.962968860511184355e-01
4.959936727329575246e-01
4.956627360067397126e-01
4.953013645128451214e-01
4.949065712219184454e-01
4.944750652899898569e-01
4.940032212029921710e-01
4.934870450058003177e-01
4.929221374116939947e-01
4.923036535944990133e-01
4.916262594795087204e-01
4.908840843728192183e-01
4.900706698047123111e-01
4.891789145146764328e-01
4.882010155774870741e-01
4.871284057663930467e-01
4.859516873767372180e-01
4.846605628976764502e-01
4.832437631289818736e-01
4.816889736026537250e-01
4.799827604946597659e-01
4.781104976106906879e-01
4.760562965114527589e-01
4.738029424174250437e-01
4.713318392081204955e-01
4.686229676119212373e-01
4.656548615690185855e-01
4.624046087342645883e-01
4.588478821491325799e-01
4.549590112178952817e-01
4.507111012167668296e-01
4.460762115645031667e-01
4.410256038754534202e-01
4.355300712508116123e-01
4.295603601513804382e-01
4.230876953068073432e-01
4.160844161912731765e-01
4.085247303569830013e-01
4.003855840980857783e-01
3.916476443041022604e-01
3.822963768475506896e-01
3.723231965065820770e-01
3.617266515775536262e-01
3.505135936407401398e-01
3.387002704423666688e-01
3.263132689735586123e-01
3.133902283119808785e-01
2.999802395639750707e-01
2.861438551328686075e-01
2.719526429362464914e-01
2.574882436679545306e-01
2.428409201323487587e-01
2.281076250417000684e-01
2.133896540327674674e-01
1.987899894977893100e-01
1.844104731232139305e-01
1.703489661118015308e-01
1.566966624827145216e-01
1.435357111119155149e-01
1.309372771471577768e-01
1.189601362241868437e-01
1.076498503511989085e-01
9.703852807230202437e-02
8.714512904546833916e-02
7.797623888675350723e-02
6.952721679652990039e-02
6.178360699776364040e-02
5.472270460087649835e-02
4.831517513457543600e-02
4.252664191111259900e-02
3.731917364220737471e-02
3.265262302799192690e-02
2.848578025184604970e-02
2.477730084288570778e-02
2.148631481959907899e-02
1.857247263892904121e-02
1.599491152031400770e-02
1.370939931897439089e-02
1.166332156138275185e-02
9.790320475170985817e-03
8.011406554504843514e-03
6.256105733136394995e-03
4.514852685110102085e-03
2.895963325928034657e-03
1.595699197819884724e-03
7.438630988147042385e-04
2.957071860043762688e-04
1.027889622519294967e-04
3.239546657117399334e-05
9.721578874804789338e-06
2.979349747808733653e-06
1.021839206058540593e-06
4.233047708512963061e-07
2.133506083746493925e-07
1.244153704969379627e-07
7.960127811024798382e-08
5.404697442330699756e-08
3.824530441589277374e-08
2.791605969849905842e-08
2.087906213226469214e-08
1.592561807284885402e-08
1.234431038645642715e-08
9.696906502720467052e-09
7.703310458548799222e-09
6.178850665064073807e-09
4.998475708661356665e-09
4.075523796893562062e-09
3.348723639323840724e-09
2.774012153304158772e-09
2.319259021999783463e-09
1.960794298223407468e-09
1.681082860168292658e-09
1.467146002663278807e-09
1.309481672922724517e-09
1.201326481702806776e-09
1.138159697747431304e-09
