-2.578126601093799763e-11
-2.573979918096824804e-11
-2.549321864719900077e-11
-2.504108032042040577e-11
-2.438399482329600687e-11
-2.352296135654796672e-11
-2.245786889787382279e-11
-2.119149300483513798e-11
-1.972583207887623757e-11
-1.806399474446607201e-11
-1.620897860377112920e-11
-1.416411432586528463e-11
-1.193573018198890168e-11
-9.528322575391712235e-12
-6.948552844221467240e-12
-4.202749259718530084e-12
-1.299182983416358184e-12
1.753042155883122177e-12
4.945932552402609872e-12
8.268719042803240882e-12
1.171085450835107622e-11
1.526123671879986432e-11
1.890793077663488475e-11
2.263889076203895456e-11
2.643957275338948421e-11
3.029615447402989048e-11
3.419453609154743390e-11
3.811967408395844359e-11
4.205519266164969849e-11
4.598627034724245277e-11
4.989736401839195423e-11
5.377287504160221943e-11
5.759659416071372107e-11
6.135492114367480099e-11
6.503186877893085693e-11
6.861322621176668690e-11
7.208450503171093260e-11
7.543221602901439837e-11
7.864520146227960140e-11
8.171116561150881807e-11
8.462008871390480635e-11
8.736569800937843411e-11
8.994327505007504442e-11
9.235431863707788125e-11
9.460598970889577686e-11
9.671535794453234303e-11
9.871670147987288146e-11
1.006633110200993997e-10
1.026447815632991478e-10
1.048016118332384394e-10
1.073515720761974990e-10
1.106316704913012927e-10
1.151566619839172745e-10
1.217148049015293054e-10
1.315051956218837859e-10
1.463447696359310157e-10
1.689838824425748953e-10
2.035720481075031785e-10
2.563468326499673822e-10
3.366636969204250818e-10
4.585061774697862802e-10
6.427173238066075101e-10
9.202678619146809069e-10
1.337030264281224845e-09
1.960744788753743251e-09
2.891125672199734709e-09
4.274494758149671725e-09
6.324888612851964353e-09
9.354404695294249450e-09
1.381669223476933439e-08
2.036905738522776232e-08
2.996086595485891735e-08
4.395895408793037973e-08
6.432493865338173578e-08
9.386505445130310932e-08
1.365810079478890771e-07
1.981610088797047808e-07
2.866646547361462183e-07
4.134749437278983919e-07
5.946170779091985992e-07
8.525791092892952348e-07
1.218816750521477602e-06
1.737187535418320203e-06
2.468642829205492523e-06
3.497616071129749926e-06
4.940690034700538635e-06
6.958314756098406273e-06
9.770593774334479509e-06
1.367847525898802097e-05
1.909209610180366556e-05
2.656855544632547028e-05
3.686206899899263645e-05
5.099031264776607286e-05
7.032184594390686327e-05
9.669086262505989515e-05
1.325472031748244073e-04
1.811516455219180921e-04
2.468290287153118712e-04
3.352948210219065805e-04
4.540743632418971221e-04
6.130382107354392929e-04
8.250817099605886606e-04
1.106982012073258470e-03
1.480470800671963849e-03
1.973565462970415518e-03
2.622204208487549648e-03
3.472230070114629141e-03
4.581762302892769534e-03
6.023977835004565295e-03
7.890295247975701032e-03
1.029390308374061869e-02
1.337349597381669308e-02
1.729696922151127692e-02
2.226467060285350352e-02
2.851161931722312470e-02
3.630789052590563393e-02
4.595616341221869794e-02
5.778530038239429456e-02
7.213885085254648222e-02
8.935765772024648057e-02
1.097563800700915582e-01
1.335947665111849314e-01
1.610458402501202257e-01
1.921645534444673675e-01
2.268615496213577942e-01
2.648869929568251624e-01
3.058286388979057913e-01
3.491263757515998822e-01
3.941026995255073606e-01
4.400056731719709235e-01
4.860586625346897671e-01
5.315101477509528438e-01
5.756773807291770684e-01
6.179793368572683576e-01
6.579567171468783116e-01
6.952790493269697114e-01
7.297407152367938465e-01
7.612487590762366807e-01
7.898056189821776041e-01
8.154896498712946862e-01
8.384357054643234441e-01
8.588173380916649391e-01
8.768315100524388672e-01
8.926861737730191759e-01
9.065906965625267766e-01
9.187488692431677872e-01
9.293541179299449340e-01
9.385865015113993293e-01
9.466110936950880017e-01
9.535773939673856114e-01
9.596194695756848914e-01
9.648565898485671477e-01
9.693941686680339620e-01
9.733248777909597749e-01
9.767298321512920545e-01
9.796797786227746663e-01
9.822362429433117992e-01
9.844526067728858187e-01
9.863750993517059751e-01
9.880436970035832989e-01
9.894929296901591176e-01
9.907525976953537317e-01
9.918484038817324544e-01
9.928025082532858647e-01
9.936340121147021476e-01
9.943593791803424509e-01
9.949928007342702108e-01
9.955465115017169131e-01
9.960310623499958327e-01
9.964555553526630582e-01
9.968278461638798715e-01
9.971547180851488834e-01
9.974420316785460594e-01
9.976948532967392369e-01
9.979175654635165094e-01
9.981139616490568578e-01
9.982873276397850049e-01
9.984405114002480319e-01
9.985759830604254983e-01
9.986958864323172147e-01
9.988020832608387467e-01
9.988961912422931189e-01
9.989796166956865786e-01
9.990535826448273538e-01
9.991191529597560628e-01
9.991772531121686507e-01
9.992286880190028864e-01
9.992741573792887078e-01
9.993142688501965853e-01
9.993495493574497957e-01
9.993804547916975700e-01
9.994073783049999271e-01
9.994306573893773082e-01
9.994505798915407357e-01
9.994673890938969851e-01
9.994812879709775721e-01
9.994924427121799626e-01
9.995009855856056280e-01
9.995070172034841161e-01
9.995106082368230282e-01
9.995118006152090562e-01
9.995106082368229172e-01
9.995070172034843381e-01
9.995009855856058500e-01
9.994924427121801846e-01
9.994812879709775721e-01
9.994673890938969851e-01
9.994505798915407357e-01
9.994306573893771972e-01
9.994073783049999271e-01
9.993804547916971259e-01
9.993495493574502397e-01
9.993142688501965853e-01
9.992741573792888188e-01
9.992286880190027754e-01
9.991772531121679846e-01
9.991191529597560628e-01
9.990535826448274648e-01
9.989796166956861345e-01
9.988961912422928968e-01
9.988020832608388577e-01
9.986958864323173257e-01
9.985759830604253873e-01
9.984405114002476989e-01
9.982873276397850049e-01
9.981139616490570798e-01
9.979175654635160653e-01
9.976948532967390149e-01
9.974420316785458374e-01
9.971547180851483283e-01
9.968278461638793164e-01
9.964555553526626142e-01
9.960310623499958327e-01
9.955465115017170241e-01
9.949928007342703218e-01
9.943593791803425619e-01
9.936340121147019255e-01
9.928025082532856427e-01
9.918484038817327875e-01
9.907525976953543978e-01
9.894929296901595617e-01
9.880436970035844091e-01
9.863750993517074184e-01
9.844526067728875951e-01
9.822362429433143527e-01
9.796797786227768867e-01
9.767298321512948300e-01
9.733248777909629945e-01
9.693941686680379588e-01
9.648565898485719217e-01
9.596194695756908866e-01
9.535773939673929389e-01
9.466110936950972166e-01
9.385865015114104315e-01
9.293541179299599220e-01
9.187488692431873272e-01
9.065906965625525338e-01
8.926861737730537039e-01
8.768315100524846084e-01
8.588173380917252242e-01
8.384357054644028251e-01
8.154896498713990471e-01
7.898056189823139395e-01
7.612487590764128731e-01
7.297407152370216643e-01
6.952790493272614780e-01
6.579567171472480158e-01
6.179793368577330970e-01
5.756773807297550505e-01
5.315101477516619433e-01
4.860586625355485801e-01
4.400056731729958259e-01
3.941026995267108424e-01
3.491263757529905476e-01
3.058286388994860272e-01
2.648869929585906946e-01
2.268615496232974094e-01
1.921645534465639682e-01
1.610458402523500254e-01
1.335947665135197582e-01
1.097563800725008254e-01
8.935765772269765872e-02
7.213885085500715277e-02
5.778530038483298270e-02
4.595616341460539989e-02
3.630789052821370433e-02
2.851161931942874928e-02
2.226467060493431127e-02
1.729696922344925447e-02
1.337349597559644998e-02
1.029390308535010901e-02
7.890295249406265032e-03
6.023977836251859230e-03
4.581762303954461935e-03
3.472230070993842510e-03
2.622204209188683244e-03
1.973565463502080508e-03
1.480470801044964091e-03
1.106982012300139484e-03
8.250817100556306904e-04
6.130382107134568770e-04
4.540743631183952189e-04
3.352948208122930041e-04
2.468290284343699348e-04
1.811516451852845933e-04
1.325472027959850863e-04
9.669086221608669263e-05
7.032184551547526752e-05
5.099031220956451449e-05
3.686206855790796766e-05
2.656855500809962578e-05
1.909209566952618786e-05
1.367847483346729121e-05
9.770593354774259609e-06
6.958314339222670952e-06
4.940689615762217102e-06
3.497615643888174475e-06
2.468642387565278540e-06
1.737187072969881285e-06
1.218816259862531837e-06
8.525785854198410165e-07
5.946165158074011997e-07
4.134743409472691617e-07
2.866640094810295192e-07
1.981603213463412061e-07
1.365802802565443952e-07
9.386429040882798835e-08
6.432414261653418563e-08
4.395813216206967411e-08
2.996002328344016252e-08
2.036820138245909462e-08
1.381582926535118716e-08
9.353540390139025718e-09
6.324027083254302184e-09
4.273640030402758860e-09
2.890279762052250234e-09
1.959908332849202850e-09
1.336202815060971716e-09
9.194478477192458143e-10
6.419031521598395074e-10
4.576939938161217469e-10
3.358512981610495274e-10
2.555328240672061213e-10
2.027540010884898436e-10
1.681610753423434801e-10
1.455166265262874958e-10
1.306729446870491529e-10
1.208809580210967738e-10
1.143237310374800586e-10
1.098031526813869618e-10
1.065326160620827523e-10
1.039974356631390151e-10
1.018611583969430967e-10
9.990611116172942729e-11
9.799194788939757927e-11
9.602899031513345562e-11
9.396278199957919242e-11
9.175957216278618489e-11
8.940156948078481491e-11
8.688053054761724070e-11
8.419473451759529325e-11
8.134823370475885440e-11
7.834669024653351244e-11
7.520062350607759072e-11
7.192058060212502824e-11
6.851971767751763309e-11
6.501152394200460094e-11
6.140962738321320558e-11
5.773015399057612740e-11
5.398714808535487464e-11
5.019615278989419949e-11
4.637168427024107586e-11
4.252936891546710285e-11
3.868272369089709173e-11
3.484640354045609456e-11
3.103384216274207574e-11
2.725858427865546219e-11
2.353345296413067445e-11
1.987049413898489547e-11
1.628303047951362714e-11
1.278199768250942725e-11
9.379275134335784969e-12
6.086464665600033186e-12
2.912892149709023215e-12
-1.310618280569997296e-13
-3.036237927744878107e-12
-5.793976409762535695e-12
-8.397393891357296525e-12
-1.083866330020555324e-11
-1.311217801003294881e-11
-1.521116566038926976e-11
-1.713174047068832806e-11
-1.886935052652916056e-11
-2.041916635775464783e-11
-2.177819036219830195e-11
-2.294336942654240374e-11
-2.391203901552785283e-11
-2.468192317195416763e-11
-2.525152309473810419e-11
-2.561811873746933088e-11
