-2.578126601093799763e-11
-2.549321864719900077e-11
-2.438399482329600687e-11
-2.245786889787382279e-11
-1.972583207887623757e-11
-1.620897860377112920e-11
-1.193573018198890168e-11
-6.948552844221467240e-12
-1.299182983416358184e-12
4.945932552402609872e-12
1.171085450835107622e-11
1.890793077663488475e-11
2.643957275338948421e-11
3.419453609154743390e-11
4.205519266164969849e-11
4.989736401839195423e-11
5.759659416071372107e-11
6.503186877893085693e-11
7.208450503171093260e-11
7.864520146227960140e-11
8.462008871390480635e-11
8.994327505007504442e-11
9.460598970889577686e-11
9.871670147987288146e-11
1.026447815632991478e-10
1.073515720761974990e-10
1.151566619839172745e-10
1.315051956218837859e-10
1.689838824425748953e-10
2.563468326499673822e-10
4.585061774697862802e-10
9.202678619146809069e-10
1.960744788753743251e-09
4.274494758149671725e-09
9.354404695294249450e-09
2.036905738522776232e-08
4.395895408793037973e-08
9.386505445130310932e-08
1.981610088797047808e-07
4.134749437278983919e-07
8.525791092892952348e-07
1.737187535418320203e-06
3.497616071129749926e-06
6.958314756098406273e-06
1.367847525898802097e-05
2.656855544632547028e-05
5.099031264776607286e-05
9.669086262505989515e-05
1.811516455219180921e-04
3.352948210219065805e-04
6.130382107354392929e-04
1.106982012073258470e-03
1.973565462970415518e-03
3.472230070114629141e-03
6.023977835004565295e-03
1.029390308374061869e-02
1.729696922151127692e-02
2.851161931722312470e-02
4.595616341221869794e-02
7.213885085254648222e-02
1.097563800700915582e-01
1.610458402501202257e-01
2.268615496213577942e-01
3.058286388979057913e-01
3.941026995255073606e-01
4.860586625346897671e-01
5.756773807291770684e-01
6.579567171468783116e-01
7.297407152367938465e-01
7.898056189821776041e-01
8.384357054643234441e-01
8.768315100524388672e-01
9.065906965625267766e-01
9.293541179299449340e-01
9.466110936950880017e-01
9.596194695756848914e-01
9.693941686680339620e-01
9.767298321512920545e-01
9.822362429433117992e-01
9.863750993517059751e-01
9.894929296901591176e-01
9.918484038817324544e-01
9.936340121147021476e-01
9.949928007342702108e-01
9.960310623499958327e-01
9.968278461638798715e-01
9.974420316785460594e-01
9.979175654635165094e-01
9.982873276397850049e-01
9.985759830604254983e-01
9.988020832608387467e-01
9.989796166956865786e-01
9.991191529597560628e-01
9.992286880190028864e-01
9.993142688501965853e-01
9.993804547916975700e-01
9.994306573893773082e-01
9.994673890938969851e-01
9.994924427121799626e-01
9.995070172034841161e-01
9.995118006152090562e-01
9.995070172034843381e-01
9.994924427121801846e-01
9.994673890938969851e-01
9.994306573893771972e-01
9.993804547916971259e-01
9.993142688501965853e-01
9.992286880190027754e-01
9.991191529597560628e-01
9.989796166956861345e-01
9.988020832608388577e-01
9.985759830604253873e-01
9.982873276397850049e-01
9.979175654635160653e-01
9.974420316785458374e-01
9.968278461638793164e-01
9.960310623499958327e-01
9.949928007342703218e-01
9.936340121147019255e-01
9.918484038817327875e-01
9.894929296901595617e-01
9.863750993517074184e-01
9.822362429433143527e-01
9.767298321512948300e-01
9.693941686680379588e-01
9.596194695756908866e-01
9.466110936950972166e-01
9.293541179299599220e-01
9.065906965625525338e-01
8.768315100524846084e-01
8.384357054644028251e-01
7.898056189823139395e-01
7.297407152370216643e-01
6.579567171472480158e-01
5.756773807297550505e-01
4.860586625355485801e-01
3.941026995267108424e-01
3.058286388994860272e-01
2.268615496232974094e-01
1.610458402523500254e-01
1.097563800725008254e-01
7.213885085500715277e-02
4.595616341460539989e-02
2.851161931942874928e-02
1.729696922344925447e-02
1.029390308535010901e-02
6.023977836251859230e-03
3.472230070993842510e-03
1.973565463502080508e-03
1.106982012300139484e-03
6.130382107134568770e-04
3.352948208122930041e-04
1.811516451852845933e-04
9.669086221608669263e-05
5.099031220956451449e-05
2.656855500809962578e-05
1.367847483346729121e-05
6.958314339222670952e-06
3.497615643888174475e-06
1.737187072969881285e-06
8.525785854198410165e-07
4.134743409472691617e-07
1.981603213463412061e-07
9.386429040882798835e-08
4.395813216206967411e-08
2.036820138245909462e-08
9.353540390139025718e-09
4.273640030402758860e-09
1.959908332849202850e-09
9.194478477192458143e-10
4.576939938161217469e-10
2.555328240672061213e-10
1.681610753423434801e-10
1.306729446870491529e-10
1.143237310374800586e-10
1.065326160620827523e-10
1.018611583969430967e-10
9.799194788939757927e-11
9.396278199957919242e-11
8.940156948078481491e-11
8.419473451759529325e-11
7.834669024653351244e-11
7.192058060212502824e-11
6.501152394200460094e-11
5.773015399057612740e-11
5.019615278989419949e-11
4.252936891546710285e-11
3.484640354045609456e-11
2.725858427865546219e-11
1.987049413898489547e-11
1.278199768250942725e-11
6.086464665600033186e-12
-1.310618280569997296e-13
-5.793976409762535695e-12
-1.083866330020555324e-11
-1.521116566038926976e-11
-1.886935052652916056e-11
-2.177819036219830195e-11
-2.391203901552785283e-11
-2.525152309473810419e-11
