-2.578126601093799763e-11
-2.438399482329600687e-11
-1.972583207887623757e-11
-1.193573018198890168e-11
-1.299182983416358184e-12
1.171085450835107622e-11
2.643957275338948421e-11
4.205519266164969849e-11
5.759659416071372107e-11
7.208450503171093260e-11
8.462008871390480635e-11
9.460598970889577686e-11
1.026447815632991478e-10
1.151566619839172745e-10
1.689838824425748953e-10
4.585061774697862802e-10
1.960744788753743251e-09
9.354404695294249450e-09
4.395895408793037973e-08
1.981610088797047808e-07
8.525791092892952348e-07
3.497616071129749926e-06
1.367847525898802097e-05
5.099031264776607286e-05
1.811516455219180921e-04
6.130382107354392929e-04
1.973565462970415518e-03
6.023977835004565295e-03
1.729696922151127692e-02
4.595616341221869794e-02
1.097563800700915582e-01
2.268615496213577942e-01
3.941026995255073606e-01
5.756773807291770684e-01
7.297407152367938465e-01
8.384357054643234441e-01
9.065906965625267766e-01
9.466110936950880017e-01
9.693941686680339620e-01
9.822362429433117992e-01
9.894929296901591176e-01
9.936340121147021476e-01
9.960310623499958327e-01
9.974420316785460594e-01
9.982873276397850049e-01
9.988020832608387467e-01
9.991191529597560628e-01
9.993142688501965853e-01
9.994306573893773082e-01
9.994924427121799626e-01
9.995118006152090562e-01
9.994924427121801846e-01
9.994306573893771972e-01
9.993142688501965853e-01
9.991191529597560628e-01
9.988020832608388577e-01
9.982873276397850049e-01
9.974420316785458374e-01
9.960310623499958327e-01
9.936340121147019255e-01
9.894929296901595617e-01
9.822362429433143527e-01
9.693941686680379588e-01
9.466110936950972166e-01
9.065906965625525338e-01
8.384357054644028251e-01
7.297407152370216643e-01
5.756773807297550505e-01
3.941026995267108424e-01
2.268615496232974094e-01
1.097563800725008254e-01
4.595616341460539989e-02
1.729696922344925447e-02
6.023977836251859230e-03
1.973565463502080508e-03
6.130382107134568770e-04
1.811516451852845933e-04
5.099031220956451449e-05
1.367847483346729121e-05
3.497615643888174475e-06
8.525785854198410165e-07
1.981603213463412061e-07
4.395813216206967411e-08
9.353540390139025718e-09
1.959908332849202850e-09
4.576939938161217469e-10
1.681610753423434801e-10
1.143237310374800586e-10
1.018611583969430967e-10
9.396278199957919242e-11
8.419473451759529325e-11
7.192058060212502824e-11
5.773015399057612740e-11
4.252936891546710285e-11
2.725858427865546219e-11
1.278199768250942725e-11
-1.310618280569997296e-13
-1.083866330020555324e-11
-1.886935052652916056e-11
-2.391203901552785283e-11
