-2.148414560032563259e-06
2.189661610696447269e-06
-2.230203406949904377e-06
2.270407106930161234e-06
-2.310159308460679739e-06
2.349592798434052554e-06
-2.388712179446361716e-06
2.427599311405348459e-06
-2.466288199609589782e-06
2.504849680173837356e-06
-2.543326845183546681e-06
2.581789897537767331e-06
-2.620283192311667619e-06
2.658915791597937783e-06
-2.697313134014667213e-06
2.739998759992978705e-06
-2.745114698166073453e-06
3.067626911323895200e-06
-1.028997541507870039e-06
1.450826423299300671e-05
6.129002705337893708e-05
3.100109122340100054e-04
1.258794490656411913e-03
4.442657869634186740e-03
1.332203108532653557e-02
3.401082878579723967e-02
7.364286758950289169e-02
1.355411513622739594e-01
2.137688525703109188e-01
2.937656553742339360e-01
3.597153829632918631e-01
4.021783444504762328e-01
4.200159904034199698e-01
4.180991758574930106e-01
4.037979749507383254e-01
3.845841055274354381e-01
3.665696443635761415e-01
3.541504947627247546e-01
3.499456208564366011e-01
3.552382028879331188e-01
3.702650458669221045e-01
3.947797820924754397e-01
4.283428677827271769e-01
4.707653152304254185e-01
5.220704645822547008e-01
5.824770768848005487e-01
6.519402772741648144e-01
7.299717598328133716e-01
8.152941340464781028e-01
9.059758132468961334e-01
9.994027659695707833e-01
1.092648182866196471e+00
1.182522723584939150e+00
1.265946134253423949e+00
1.339927297554522223e+00
1.401887474755073137e+00
1.449565686012179722e+00
1.481313089996288967e+00
1.495927409422729726e+00
1.492923039280624087e+00
1.472262080188646127e+00
1.434543508778491461e+00
1.380425944842623043e+00
1.310262989319374682e+00
1.222044053042780964e+00
1.108464858344103021e+00
9.522408757063151041e-01
7.312624831663091518e-01
4.540713254882366434e-01
2.039555602158261705e-01
6.356700314022933895e-02
1.478101387427788183e-02
2.867926038521151355e-03
5.260899231696036793e-04
8.859698647400993110e-05
2.029934711811343107e-05
8.842796512809059095e-07
2.724932648634492693e-06
-1.584933204235028370e-06
1.630930633877980540e-06
-1.486255001098557571e-06
1.458028833251079348e-06
-1.439407936787429065e-06
1.448089527705809232e-06
-1.468439668028675982e-06
1.498449781880961673e-06
-1.535220348077015462e-06
1.574861794514936797e-06
-1.618725087804140372e-06
1.662555486753314327e-06
-1.707991090782456922e-06
1.754737566750375066e-06
-1.798142814840586468e-06
1.846842011182792120e-06
-1.888274203082351832e-06
1.936091409360241045e-06
-1.977487084692253205e-06
2.022597548112514687e-06
-2.064315890837331580e-06
2.107083616975646834e-06
