-2.148414560088074410e-06
7.219659987622861763e-07
3.149436146487882837e-06
3.746812345994943172e-06
2.189661610696447269e-06
-6.083349155527884022e-07
-3.031032143441247939e-06
-3.692736033233945392e-06
-2.230203407282971284e-06
4.986185587751990056e-07
2.917455970530280496e-06
3.641684361843644524e-06
2.270407107263228141e-06
-3.921729540001805958e-07
-2.808010778898584192e-06
-3.593176246929896678e-06
-2.310159308294146285e-06
2.887936419448955405e-07
2.702389723996390103e-06
3.547053514074693936e-06
2.349592798406296978e-06
-1.880981527202507664e-07
-2.600151150361496022e-06
-3.503036653751401275e-06
-2.388712179446361716e-06
8.984166152692374396e-08
2.500987294429268815e-06
3.460957608225623261e-06
2.427599311238815005e-06
6.266228508300386579e-09
-2.404561203650512624e-06
-3.420616193627878943e-06
-2.466288199720612084e-06
-1.004522884873182420e-07
2.310603971683589108e-06
3.381869552898653097e-06
2.504849680229348508e-06
1.929606176509501836e-07
-2.218838181133886422e-06
-3.344561284479574681e-06
-2.543326845072524378e-06
-2.839935764886725167e-07
2.129033498485255471e-06
3.308575887012166206e-06
2.581789897773689724e-06
3.737672752274212584e-07
-2.040951376999777800e-06
-3.273784631552256741e-06
-2.620283192311667619e-06
-4.624579901801872950e-07
1.954403254372794052e-06
3.240114864855314636e-06
2.658915791542426632e-06
5.503309080390206276e-07
-1.869053278091836745e-06
-3.207228376420068194e-06
-2.697313133653844730e-06
-6.367800942236323536e-07
1.786120325752982296e-06
3.177549759605935442e-06
2.739998759881956403e-06
7.298579177139608021e-07
-1.691585042234988734e-06
-3.126834697303459976e-06
-2.745114698304851331e-06
-7.574817877387118870e-07
1.708953358256493082e-06
3.265255933235233776e-06
3.067626911351650776e-06
1.314614028358196407e-06
-8.484544275766392474e-07
-1.958460957546259706e-06
-1.028997541674403493e-06
1.955218547705639409e-06
6.140703584345263977e-06
1.046320818051671431e-05
1.450826423296525114e-05
1.911504477344200259e-05
2.642571769360252398e-05
3.941946153865338864e-05
6.129002705348995939e-05
9.514523329384738659e-05
1.443581065477261838e-04
2.135684594120890178e-04
3.100109122339267387e-04
4.447157967983339510e-04
6.332662110348219464e-04
8.961164322321690801e-04
1.258794490656189868e-03
1.752435878424135618e-03
2.414945984113042732e-03
3.292740953465295162e-03
4.442657869633881429e-03
5.933448491230702837e-03
7.846364909677328026e-03
1.027464504929564981e-02
1.332203108532659108e-02
1.710061604736951013e-02
2.172822703995486160e-02
2.732528623850209726e-02
3.401082878579718416e-02
4.189729608433948038e-02
5.108395531420475977e-02
6.164925054295077034e-02
7.364286758950264189e-02
8.707857063224230809e-02
1.019288161270402449e-01
1.181218032293930575e-01
1.355411513622738762e-01
1.540280151420513610e-01
1.733852870535730339e-01
1.933835865390096109e-01
2.137688525703107245e-01
2.342713751548864687e-01
2.546159283288522701e-01
2.745323534346926220e-01
2.937656553742339360e-01
3.120846053810171772e-01
3.292880869067259519e-01
3.452089127033556304e-01
3.597153829632917521e-01
3.727112164170096054e-01
3.841345300809930197e-01
3.939562963593443712e-01
4.021783444504761773e-01
4.088307209842185763e-01
4.139682291002815817e-01
4.176662134792846759e-01
4.200159904034198588e-01
4.211205232441517787e-01
4.210908744983425933e-01
4.200436420531014070e-01
4.180991758574926775e-01
4.153800931988171907e-01
4.120096160071893832e-01
4.081095326627568465e-01
4.037979749507381588e-01
3.991874713548307918e-01
3.943837317936731424e-01
3.894853366926288585e-01
3.845841055274353271e-01
3.797656356639810271e-01
3.751094970515229665e-01
3.706888480967147625e-01
3.665696443635761970e-01
3.628099116918947487e-01
3.594595753806589800e-01
3.565610638613168626e-01
3.541504947627248656e-01
3.522589402965581318e-01
3.509132391670291007e-01
3.501360947673610724e-01
3.499456208564366566e-01
3.503548251671461111e-01
3.513715681063632190e-01
3.529992686226999243e-01
3.552382028879333409e-01
3.580868987539282955e-01
3.615430691200609559e-01
3.656037879176984307e-01
3.702650458669218825e-01
3.755211801208858668e-01
3.813647442459091597e-01
3.877871267185374338e-01
3.947797820924753287e-01
4.023355635076086845e-01
4.104495563913276857e-01
4.191190663504821834e-01
4.283428677827277875e-01
4.381202144789424491e-01
4.484502210548160783e-01
4.593319793675045837e-01
4.707653152304253075e-01
4.827516818149957256e-01
4.952945660194902344e-01
5.083990277450082251e-01
5.220704645822544787e-01
5.363131261313593967e-01
5.511290425953443428e-01
5.665177956295295303e-01
5.824770768848004376e-01
5.990035268658993051e-01
6.160931863090611804e-01
6.337411215673288689e-01
6.519402772741647034e-01
6.706800821083336306e-01
6.899455112909207433e-01
7.097170831426655724e-01
7.299717598328137047e-01
7.506842229212872253e-01
7.718277919821359134e-01
7.933744720436930464e-01
8.152941340464783249e-01
8.375533562473519433e-01
8.601146789571416651e-01
8.829368135424603414e-01
9.059758132468964664e-01
9.291866616656738742e-01
9.525244853712083737e-01
9.759448020864489592e-01
9.994027659695703392e-01
1.022851954794743889e+00
1.046243521594610648e+00
1.069526337139550254e+00
1.092648182866196249e+00
1.115557438116244970e+00
1.138204398666037953e+00
1.160541552236802332e+00
1.182522723584939373e+00
1.204101654904801366e+00
1.225230927398332170e+00
1.245861950205134461e+00
1.265946134253423727e+00
1.285436674549486957e+00
1.304289987967201414e+00
1.322466023788658962e+00
1.339927297554522223e+00
1.356637238669098799e+00
1.372558859095067474e+00
1.387654590391663501e+00
1.401887474755073137e+00
1.415223103866928289e+00
1.427631236857545449e+00
1.439086177656582421e+00
1.449565686012179722e+00
1.459049047404870736e+00
1.467515441069618509e+00
1.474943608163587161e+00
1.481313089996289412e+00
1.486606386794834034e+00
1.490810814176014798e+00
1.493918958545712439e+00
1.495927409422729726e+00
1.496834445584973139e+00
1.496637993126672450e+00
1.495335062468662546e+00
1.492923039280624531e+00
1.489402109143459718e+00
1.484777372476333568e+00
1.479059300613124961e+00
1.472262080188646349e+00
1.464400599572520889e+00
1.455487646106203181e+00
1.445532798159228083e+00
1.434543508778491461e+00
1.422527521359462588e+00
1.409494817099175012e+00
1.395457354216739443e+00
1.380425944842623487e+00
1.364405139949489199e+00
1.347388065655370504e+00
1.329353093987881262e+00
1.310262989319374682e+00
1.290065412652513066e+00
1.268692427508388842e+00
1.246056753823383545e+00
1.222044053042780964e+00
1.196502746816149099e+00
1.169234559825756969e+00
1.139989161345287716e+00
1.108464858344103243e+00
1.074315200015945049e+00
1.037160096272206511e+00
9.966008047869823194e-01
9.522408757063152152e-01
9.037183315059498234e-01
8.507555227799917796e-01
7.932300604307453984e-01
7.312624831663093738e-01
6.653058364308506167e-01
5.962131779618289329e-01
5.252558483553139146e-01
4.540713254882370320e-01
3.845345603820405911e-01
3.185670528929374634e-01
2.579170739616944985e-01
2.039555602158262260e-01
1.575308534985015718e-01
1.189114507835521140e-01
8.782358332106229848e-02
6.356700314022942222e-02
4.517526365379681552e-02
3.158091573602600510e-02
2.175205098792959424e-02
1.478101387427802060e-02
9.922926592976111237e-03
6.595027499614991573e-03
4.354080039721042183e-03
2.867926038521290133e-03
1.891151463221329987e-03
1.247626049915240287e-03
8.176541247911506272e-04
5.260899231696036793e-04
3.294151083695906479e-04
2.025182663673574801e-04
1.277396779626738255e-04
8.859698647345481959e-05
6.877734568599969123e-05
5.471812194640657268e-05
3.877479453892607175e-05
2.029934711812383941e-05
3.637149885136331529e-06
-5.934660540801717232e-06
-6.091210815392655853e-06
8.842796514196837876e-07
9.366093310619882928e-06
1.359648457638362729e-05
1.084940181481780508e-05
2.724932648717759420e-06
-6.066119375730538721e-06
-1.060156569643311286e-05
-8.595630479280025327e-06
-1.584933203985228189e-06
6.129156668227553340e-06
1.006250338830838587e-05
8.109758286273249794e-06
1.630930633794713813e-06
-5.483835001041104107e-06
-9.145900082080382631e-06
-7.408482854326381428e-06
-1.486255001098557571e-06
5.067439050210342799e-06
8.480108524666629677e-06
6.918507937353490789e-06
1.458028833334346075e-06
-4.640631067032163770e-06
-7.870932880960079814e-06
-6.487806991833933168e-06
-1.439407936787429065e-06
4.267272311592185119e-06
7.350604619121847705e-06
6.133863774598902197e-06
1.448089527900098261e-06
-3.922535864814280515e-06
-6.889574596657954686e-06
-5.830371813120294178e-06
-1.468439668195209435e-06
3.609228526768593071e-06
6.481899982591077247e-06
5.570133299895307921e-06
1.498449782033617339e-06
-3.322136264916064619e-06
-6.118003086058587670e-06
-5.344640277321621724e-06
-1.535220347875787539e-06
3.057432560016337675e-06
5.789909617873179037e-06
5.146183545481908261e-06
1.574861794334525555e-06
-2.814395450745355021e-06
-5.494383551712944680e-06
-4.972474620251743360e-06
-1.618725087804140372e-06
2.587582849739034074e-06
5.223727861880522738e-06
4.816434855253737268e-06
1.662555486697803175e-06
-2.378034781334859016e-06
-4.977188104972329885e-06
-4.677710460948558691e-06
-1.707991090699190195e-06
2.182039592207862810e-06
4.750370951059346147e-06
4.553223023368024869e-06
1.754737567152830913e-06
-1.996896646053181179e-06
-4.538582192639695201e-06
-4.437774483390111158e-06
-1.798142815007119921e-06
1.826687976713703421e-06
4.346274957156559537e-06
4.337478328342303513e-06
1.846842011293814423e-06
-1.660303980965949222e-06
-4.160757615084831329e-06
-4.239271289133150766e-06
-1.888274202915818378e-06
1.509666727947389653e-06
3.993856105000137546e-06
4.155659994189986328e-06
1.936091409443507771e-06
-1.360152234064493371e-06
-3.830720934488995866e-06
-4.072497538198938116e-06
-1.977487084692253205e-06
1.223158356072895359e-06
3.681784984388425386e-06
3.999871696802603793e-06
2.022597547779447780e-06
-1.088567513102267625e-06
-3.537423014343676897e-06
-3.929237680777575292e-06
-2.064315891059376185e-06
9.621188177266759567e-07
3.402449067407831151e-06
3.865040368811190064e-06
2.107083616809113380e-06
-8.393705248077587555e-07
-3.272731722125943321e-06
-3.803857944961741566e-06
