-2.148414559977052107e-06
3.149436146376860535e-06
2.189661610751958420e-06
-3.031032143607781393e-06
-2.230203407005415528e-06
2.917455970585791647e-06
2.270407107207716990e-06
-2.808010778843073041e-06
-2.310159308571702041e-06
2.702389723940878952e-06
2.349592798545074857e-06
-2.600151150389251598e-06
-2.388712179612895170e-06
2.500987294484779966e-06
2.427599311405348459e-06
-2.404561203761534927e-06
-2.466288199720612084e-06
2.310603971822366987e-06
2.504849680007303903e-06
-2.218838181189397574e-06
-2.543326845086402166e-06
2.129033498443622108e-06
2.581789897565522907e-06
-2.040951376985900012e-06
-2.620283192283912044e-06
1.954403254539327506e-06
2.658915791611815571e-06
-1.869053277953058867e-06
-2.697313133986911637e-06
1.786120325697471145e-06
2.739998759909711978e-06
-1.691585042165599795e-06
-2.745114698332606906e-06
1.708953358353637597e-06
3.067626911296139625e-06
-8.484544275350058840e-07
-1.028997541591136766e-06
6.140703584345263977e-06
1.450826423288198441e-05
2.642571769359558509e-05
6.129002705348995939e-05
1.443581065476706726e-04
3.100109122339544943e-04
6.332662110347386797e-04
1.258794490656134357e-03
2.414945984112931709e-03
4.442657869634103474e-03
7.846364909677355781e-03
1.332203108532648006e-02
2.172822703995483384e-02
3.401082878579721192e-02
5.108395531420478752e-02
7.364286758950269740e-02
1.019288161270402171e-01
1.355411513622737651e-01
1.733852870535728397e-01
2.137688525703108633e-01
2.546159283288522701e-01
2.937656553742338250e-01
3.292880869067258409e-01
3.597153829632917521e-01
3.841345300809928531e-01
4.021783444504761773e-01
4.139682291002814152e-01
4.200159904034199143e-01
4.210908744983422602e-01
4.180991758574930106e-01
4.120096160071894387e-01
4.037979749507383254e-01
3.943837317936729203e-01
3.845841055274353826e-01
3.751094970515229665e-01
3.665696443635763080e-01
3.594595753806587579e-01
3.541504947627249766e-01
3.509132391670288786e-01
3.499456208564367676e-01
3.513715681063630525e-01
3.552382028879332854e-01
3.615430691200609004e-01
3.702650458669219935e-01
3.813647442459091597e-01
3.947797820924754397e-01
4.104495563913275191e-01
4.283428677827274544e-01
4.484502210548158008e-01
4.707653152304253630e-01
4.952945660194901789e-01
5.220704645822548118e-01
5.511290425953443428e-01
5.824770768848006597e-01
6.160931863090615135e-01
6.519402772741648144e-01
6.899455112909205212e-01
7.299717598328135937e-01
7.718277919821360245e-01
8.152941340464784359e-01
8.601146789571416651e-01
9.059758132468964664e-01
9.525244853712084847e-01
9.994027659695705612e-01
1.046243521594610648e+00
1.092648182866196471e+00
1.138204398666037953e+00
1.182522723584939150e+00
1.225230927398332170e+00
1.265946134253423949e+00
1.304289987967201414e+00
1.339927297554522445e+00
1.372558859095067252e+00
1.401887474755073359e+00
1.427631236857545893e+00
1.449565686012179944e+00
1.467515441069618287e+00
1.481313089996289190e+00
1.490810814176014798e+00
1.495927409422729504e+00
1.496637993126672672e+00
1.492923039280624309e+00
1.484777372476333790e+00
1.472262080188646127e+00
1.455487646106203181e+00
1.434543508778491461e+00
1.409494817099174790e+00
1.380425944842623043e+00
1.347388065655370504e+00
1.310262989319374682e+00
1.268692427508388842e+00
1.222044053042781186e+00
1.169234559825756969e+00
1.108464858344103021e+00
1.037160096272206733e+00
9.522408757063151041e-01
8.507555227799916686e-01
7.312624831663091518e-01
5.962131779618290439e-01
4.540713254882368100e-01
3.185670528929376855e-01
2.039555602158263370e-01
1.189114507835520307e-01
6.356700314022920018e-02
3.158091573602625490e-02
1.478101387427785407e-02
6.595027499615241373e-03
2.867926038521095844e-03
1.247626049915379065e-03
5.260899231696036793e-04
2.025182663674129913e-04
8.859698647378788650e-05
5.471812194643432825e-05
2.029934711803016434e-05
-5.934660540579672627e-06
8.842796512809059095e-07
1.359648457657791631e-05
2.724932648745514996e-06
-1.060156569632209056e-05
-1.584933204012983765e-06
1.006250338828063029e-05
1.630930633933491691e-06
-9.145900082274671661e-06
-1.486255001209579873e-06
8.480108524833163131e-06
1.458028833306590499e-06
-7.870932880876813087e-06
-1.439407936842940217e-06
7.350604619232870007e-06
1.448089527789075959e-06
-6.889574596685710262e-06
-1.468439667973164831e-06
6.481899982507810520e-06
1.498449781908717249e-06
-6.118003086086343245e-06
-1.535220348090893250e-06
5.789909617942567976e-06
1.574861794501059009e-06
-5.494383551712944680e-06
-1.618725087748629221e-06
5.223727861825011587e-06
1.662555486697803175e-06
-4.977188105020902142e-06
-1.707991090740823559e-06
4.750370951045468360e-06
1.754737567027930822e-06
-4.538582192764595291e-06
-1.798142814868342043e-06
4.346274957350848567e-06
1.846842011224425484e-06
-4.160757614946053451e-06
-1.888274202971329530e-06
3.993856105055648698e-06
1.936091409332485469e-06
-3.830720934724918258e-06
-1.977487084997564537e-06
3.681784984443936537e-06
2.022597547890470082e-06
-3.537423014468576987e-06
-2.064315891031620609e-06
3.402449067269053273e-06
2.107083616642579926e-06
-3.272731722098187745e-06
