4.789743890308587049e-02
1.246234130454486472e-01
2.325456419982505074e-01
3.342881568361458777e-01
3.736961589468012490e-01
3.493126261022461154e-01
3.331720734771247971e-01
3.334025214143557792e-01
2.676377585924515357e-01
1.358264424245078927e-01
3.222915385444722475e-02
-1.013964884296842534e-02
-2.396633121325439028e-02
-3.021596188955508189e-02
-3.357771854927383420e-02
-3.492196605578305746e-02
-3.475578664670439522e-02
-3.356615760133280918e-02
-3.177035039083911383e-02
-2.968248710386960781e-02
-2.751598530405382007e-02
-2.540320559953039917e-02
-2.341834294501267399e-02
-2.159703933954270835e-02
-1.995095205388266665e-02
-1.847770515163156546e-02
-1.716731952347243934e-02
-1.600619698068606392e-02
-1.497949666916454162e-02
-1.407249161986932721e-02
-1.327129474156917531e-02
-1.256320370760270755e-02
-1.193682136932069579e-02
-1.138204867220716197e-02
-1.089000937099249278e-02
-1.045294227050791447e-02
-1.006408206816285927e-02
-9.717540820319886877e-03
-9.408196505169313245e-03
-9.131591794467474113e-03
-8.883844152865224067e-03
-8.661567238882688161e-03
-8.461802960885708713e-03
-8.281963239408555305e-03
-8.119780415680812741e-03
-7.973265244046071759e-03
-7.840671463962192028e-03
-7.720466033841261004e-03
-7.611304207091762301e-03
-7.512008729021889437e-03
-7.421552526542021452e-03
-7.339044348644105202e-03
-7.263716892609230376e-03
-7.194917020313772692e-03
-7.132097730640186810e-03
-7.074811609119623958e-03
-7.022705526224225399e-03
-6.975516400691002261e-03
-6.933067886823674614e-03
-6.895267883802813115e-03
-6.862106802466303238e-03
-6.833656560918529958e-03
-6.810070315580606451e-03
-6.791582968731688617e-03
-6.778512528559325206e-03
-6.771262433327029755e-03
-6.770324988177348416e-03
-6.776286102280008536e-03
-6.789831556513226639e-03
-6.811755078318281614e-03
-6.842968552474983784e-03
-6.884514755473660624e-03
-6.937583067876063048e-03
-7.003528695265949164e-03
-7.083896014283099125e-03
-7.180446756126217245e-03
-7.295193844324101250e-03
-7.430441812298627970e-03
-7.588834832935733438e-03
-7.773413482857049334e-03
-7.987681417562403005e-03
-8.235683114916134487e-03
-8.522093699448726051e-03
-8.852321504419514639e-03
-9.232623329791465536e-03
-9.670231087702110817e-03
-1.017348624610238221e-02
-1.075197406008048841e-02
-1.141663956157335305e-02
-1.217984024556974937e-02
-1.305520863483258451e-02
-1.405693169824039079e-02
-1.519716077169594448e-02
-1.647742072169733341e-02
-1.786153485437971811e-02
-1.919529652249735152e-02
-1.998694448241508659e-02
-1.887303787808319866e-02
-1.252757223790461338e-02
5.963402550100256605e-03
