8.979216149784807754e-07
1.123635230387831641e-06
1.402593378940775182e-06
1.746458622858826359e-06
2.169229348064627416e-06
2.687657247507635461e-06
3.321728513860922050e-06
4.095216235816545591e-06
5.036311939710103047e-06
6.178344597373985891e-06
7.560595722461149748e-06
9.229219350759265694e-06
1.123827574756042225e-05
1.365088755123089470e-05
1.654052672175887473e-05
1.999244008893397151e-05
2.410522043636009748e-05
2.899252889720926873e-05
3.478497294004401219e-05
4.163214233757206451e-05
4.970480325611204009e-05
5.919724791961233912e-05
7.032979420959484251e-05
8.335142604770640062e-05
9.854256149952056454e-05
1.162179312569622258e-04
1.367295455526329473e-04
1.604697227077234167e-04
1.878741474767853248e-04
2.194249222658151144e-04
2.556535692527228676e-04
2.971439366062367249e-04
3.445349575072476078e-04
3.985232067253707822e-04
4.598651962483268907e-04
5.293793491048248701e-04
6.079475892205310483e-04
6.965164850961658161e-04
7.960978864268164479e-04
9.077689956142886984e-04
1.032671820577035771e-03
1.172011961338953467e-03
1.327056690607175682e-03
1.499132297865218844e-03
1.689620677271186366e-03
1.899955151727472646e-03
2.131615538590175829e-03
2.386122476368712775e-03
2.665031046063165432e-03
2.969923735131801967e-03
3.302402806084597797e-03
3.664082144932523377e-03
4.056578676797401029e-03
4.481503446526813317e-03
4.940452470796163897e-03
5.434997474663194605e-03
5.966676629605649484e-03
6.536985411615015007e-03
7.147367696849205032e-03
7.799207208693259563e-03
8.493819423964293902e-03
9.232444037592851815e-03
1.001623807470417016e-02
1.084626972690044822e-02
1.172351297610710330e-02
1.264884305496516426e-02
1.362303277785484323e-02
1.464674976161611797e-02
1.572055454029211430e-02
1.684489956411386324e-02
1.802012905978528368e-02
1.924647971719128936e-02
2.052408215712500650e-02
2.185296312570234045e-02
2.323304835385228695e-02
2.466416601470886039e-02
2.614605070783884710e-02
2.767834789699022413e-02
2.926061872730076341e-02
3.089234514855331015e-02
3.257293527295047897e-02
3.430172889881605292e-02
3.607800313545651144e-02
3.790097806893678173e-02
3.976982241357548964e-02
4.168365909937392366e-02
4.364157075120670554e-02
4.564260502128891089e-02
4.768577974206630876e-02
4.977008787215424918e-02
5.189450221319125839e-02
5.405797988041510099e-02
5.625946651434531737e-02
5.849790022515830717e-02
6.077221526512233130e-02
6.308134542783432053e-02
6.542422717594637005e-02
6.779980250162145894e-02
7.020702152611575653e-02
7.264484484666940134e-02
7.511224564034235662e-02
7.760821153555569341e-02
8.013174626296037939e-02
8.268187109783733946e-02
8.525762610660975183e-02
8.785807121021899091e-02
9.048228707711716834e-02
9.312937585849996591e-02
9.579846177813283736e-02
9.848869158877930630e-02
1.011992349068055741e-01
1.039292844360431567e-01
1.066780560914570852e-01
1.094447890326011585e-01
1.122287456162581187e-01
1.150292112770743835e-01
1.178454943443977554e-01
1.206769258029503217e-01
1.235228590043944696e-01
1.263826693362912479e-01
1.292557538544231166e-01
1.321415308839362091e-01
1.350394395942811354e-01
1.379489395524633455e-01
1.408695102586948744e-01
1.438006506681253904e-01
1.467418787019670323e-01
1.496927307509673954e-01
1.526527611738738299e-01
1.556215417932263756e-01
1.585986613905524534e-01
1.615837252027805260e-01
1.645763544214665364e-01
1.675761856962182661e-01
1.705828706435156550e-01
1.735960753619580077e-01
1.766154799548096954e-01
1.796407780605879800e-01
1.826716763923046938e-01
1.857078942858693404e-01
1.887491632580636514e-01
1.917952265744051754e-01
1.948458388271483432e-01
1.979007655235983376e-01
2.009597826848588675e-01
2.040226764550762684e-01
2.070892427212037146e-01
2.101592867432712231e-01
2.132326227951046871e-01
2.163090738154183068e-01
2.193884710691764994e-01
2.224706538191004723e-01
2.255554690071778223e-01
2.286427709460188695e-01
2.317324210198957180e-01
2.348242873952847976e-01
2.379182447407292011e-01
2.410141739558359641e-01
2.441119619092090298e-01
2.472115011851288846e-01
2.503126898387745269e-01
2.534154311597967002e-01
2.565196334440381642e-01
2.596252097732075215e-01
2.627320778023088388e-01
2.658401595546328045e-01
2.689493812241166015e-01
2.720596729848828721e-01
2.751709688077679239e-01
2.782832062836581022e-01
2.813963264534464215e-01
2.845102736444337643e-01
2.876249953129958459e-01
2.907404418933436374e-01
2.938565666522035547e-01
2.969733255492512103e-01
3.000906771031322529e-01
3.032085822629098648e-01
3.063270042847738850e-01
3.094459086138602322e-01
3.125652627710223674e-01
3.156850362444056923e-01
3.188052003856710059e-01
3.219257283107265222e-01
3.250465948048197884e-01
3.281677762318493952e-01
3.312892504477575328e-01
3.344109967178670595e-01
3.375329956380270779e-01
3.406552290594378474e-01
3.437776800170249114e-01
3.469003326612343230e-01
3.500231721931273965e-01
3.531461848026494765e-01
3.562693576099578152e-01
3.593926786096882653e-01
3.625161366180467692e-01
3.656397212226175641e-01
3.687634227347704741e-01
3.718872321445719775e-01
3.750111410780851973e-01
3.781351417569625006e-01
3.812592269602310679e-01
3.843833899881733407e-01
3.875076246282085357e-01
3.906319251226849643e-01
3.937562861384910073e-01
3.968807027384013697e-01
4.000051703540720149e-01
4.031296847606041234e-01
4.062542420525944165e-01
4.093788386215981845e-01
4.125034711349286898e-01
4.156281365157209473e-01
4.187528319241886066e-01
4.218775547400078207e-01
4.250023025457601022e-01
4.281270731113734351e-01
4.312518643794929218e-01
4.343766744517312817e-01
4.375015015757288683e-01
4.406263441329776875e-01
4.437512006273447995e-01
4.468760696742488103e-01
4.500009499904313870e-01
4.531258403842776117e-01
4.562507397466296633e-01
4.593756470420504168e-01
4.625005613004837812e-01
4.656254816092656457e-01
4.687504071054403587e-01
4.718753369683310606e-01
4.750002704123198471e-01
4.781252066797916367e-01
4.812501450341909459e-01
4.843750847531452242e-01
4.875000251216042302e-01
4.906249654249497660e-01
4.937499049420150388e-01
4.968748429379704623e-01
4.999997786570089531e-01
5.031247113147796490e-01
5.062496400905024396e-01
5.093745641186959716e-01
5.124994824804463001e-01
5.156243941941327513e-01
5.187492982055237345e-01
5.218741933771361419e-01
5.249990784767377683e-01
5.281239521648570800e-01
5.312488129811219206e-01
5.343736593292214287e-01
5.374984894602168328e-01
5.406233014538609494e-01
5.437480931974574272e-01
5.468728623616426754e-01
5.499976063722352704e-01
5.531223223769644592e-01
5.562470072053984360e-01
5.593716573196871877e-01
5.624962687526832150e-01
5.656208370284789844e-01
5.687453570581313400e-01
5.718698230000003324e-01
5.749942280691826557e-01
5.781185642731463403e-01
5.812428220397285461e-01
5.843669896872992764e-01
5.874910526624637086e-01
5.906149924340700075e-01
5.937387848773618693e-01
5.968623978995308832e-01
5.999857879335296351e-01
6.031088947392980737e-01
6.062316336677799899e-01
6.093538841133402384e-01
6.124754722282006458e-01
6.155961449816141906e-01
6.187155311380162503e-01
6.218330824281155245e-01
6.249479846736467614e-01
6.280590232526113148e-01
6.311643790606984439e-01
6.342613185025226530e-01
6.373457216748315002e-01
6.404113631630258263e-01
6.434488142280844203e-01
6.464437652117160926e-01
6.493744601309695552e-01
6.522077731501660924e-01
6.548932126524850128e-01
6.573537781736080721e-01
6.594720785371070981e-01
6.610694169897514127e-01
6.618746910674687678e-01
6.614791553250791711e-01
6.592730384582115022e-01
6.543624302885387989e-01
6.454735145360053217e-01
6.308727938900919874e-01
6.083743684842335409e-01
5.755663860841826462e-01
5.304248229646501001e-01
4.723717230959419422e-01
4.034397392528965565e-01
3.286849747663010968e-01
2.550539919185889071e-01
1.890434091242006454e-01
1.346640594154827619e-01
9.290930279205233955e-02
6.255807698503756953e-02
4.137417175497615229e-02
2.701254656713947266e-02
1.747292396292646210e-02
1.122597973280903272e-02
7.176003015524845541e-03
4.569134354562132128e-03
2.900038191131770748e-03
1.835720972936771833e-03
1.159272931545496377e-03
7.305301689613935556e-04
4.594447865050033109e-04
2.884191131568500377e-04
1.807400963732483379e-04
1.130747991503200378e-04
7.063174009354356020e-05
4.405575579132653408e-05
2.744268935984256474e-05
1.707394113240057187e-05
1.061200976044257560e-05
6.590319288894697092e-06
4.090401272090204987e-06
2.538062697628185038e-06
1.574947303593920989e-06
9.777650439857232811e-07
6.075971093061349748e-07
3.781380432665848446e-07
2.358378542177685944e-07
1.475074330320458316e-07
9.259576720654916215e-08
5.838607236574588910e-08
3.701233630692968291e-08
2.360916578902916285e-08
1.516598555073578325e-08
9.818283235041302959e-09
6.409631658765846396e-09
4.221243771196370176e-09
2.805053730958739777e-09
1.880703474899103611e-09
1.271952279613408621e-09
8.673862461616721475e-10
5.961108273666582136e-10
4.126792796377287686e-10
2.877218255314950568e-10
2.020984976591755355e-10
1.432340912543850209e-10
1.028082827203569138e-10
7.529359080660213976e-11
5.702532890339284677e-11
4.560810062947950883e-11
3.953960769909059536e-11
3.797683001405260939e-11
4.059860780891710874e-11
4.753769600185364652e-11
5.936419411600724061e-11
7.711722926906361408e-11
1.023782170150866477e-10
1.373901964418777766e-10
1.852312192518468237e-10
2.500488427426006410e-10
3.373756413127537712e-10
4.545402249034324882e-10
6.112030048743832822e-10
8.200492229715194981e-10
1.097679586115063444e-09
1.465751436890982973e-09
1.952437614360924556e-09
2.594277334622141495e-09
3.438530640775816494e-09
4.546151149975585781e-09
5.995531876523685355e-09
7.887214395485564467e-09
1.034978358571692070e-08
1.354722908852856733e-08
1.768810642399643029e-08
2.303689992932955732e-08
2.992807729418345275e-08
3.878341059415646441e-08
5.013325816982661109e-08
6.464262748695492888e-08
8.314298613476545086e-08
1.066709625213713153e-07
1.365152710181005702e-07
1.742734157955672103e-07
2.219199825431728001e-07
2.818886054023472809e-07
3.571699988963450423e-07
4.514288066831406709e-07
5.691423798498407294e-07
7.157650138145399410e-07
