8.979216149784807754e-07
1.402593378940775182e-06
2.169229348064627416e-06
3.321728513860922050e-06
5.036311939710103047e-06
7.560595722461149748e-06
1.123827574756042225e-05
1.654052672175887473e-05
2.410522043636009748e-05
3.478497294004401219e-05
4.970480325611204009e-05
7.032979420959484251e-05
9.854256149952056454e-05
1.367295455526329473e-04
1.878741474767853248e-04
2.556535692527228676e-04
3.445349575072476078e-04
4.598651962483268907e-04
6.079475892205310483e-04
7.960978864268164479e-04
1.032671820577035771e-03
1.327056690607175682e-03
1.689620677271186366e-03
2.131615538590175829e-03
2.665031046063165432e-03
3.302402806084597797e-03
4.056578676797401029e-03
4.940452470796163897e-03
5.966676629605649484e-03
7.147367696849205032e-03
8.493819423964293902e-03
1.001623807470417016e-02
1.172351297610710330e-02
1.362303277785484323e-02
1.572055454029211430e-02
1.802012905978528368e-02
2.052408215712500650e-02
2.323304835385228695e-02
2.614605070783884710e-02
2.926061872730076341e-02
3.257293527295047897e-02
3.607800313545651144e-02
3.976982241357548964e-02
4.364157075120670554e-02
4.768577974206630876e-02
5.189450221319125839e-02
5.625946651434531737e-02
6.077221526512233130e-02
6.542422717594637005e-02
7.020702152611575653e-02
7.511224564034235662e-02
8.013174626296037939e-02
8.525762610660975183e-02
9.048228707711716834e-02
9.579846177813283736e-02
1.011992349068055741e-01
1.066780560914570852e-01
1.122287456162581187e-01
1.178454943443977554e-01
1.235228590043944696e-01
1.292557538544231166e-01
1.350394395942811354e-01
1.408695102586948744e-01
1.467418787019670323e-01
1.526527611738738299e-01
1.585986613905524534e-01
1.645763544214665364e-01
1.705828706435156550e-01
1.766154799548096954e-01
1.826716763923046938e-01
1.887491632580636514e-01
1.948458388271483432e-01
2.009597826848588675e-01
2.070892427212037146e-01
2.132326227951046871e-01
2.193884710691764994e-01
2.255554690071778223e-01
2.317324210198957180e-01
2.379182447407292011e-01
2.441119619092090298e-01
2.503126898387745269e-01
2.565196334440381642e-01
2.627320778023088388e-01
2.689493812241166015e-01
2.751709688077679239e-01
2.813963264534464215e-01
2.876249953129958459e-01
2.938565666522035547e-01
3.000906771031322529e-01
3.063270042847738850e-01
3.125652627710223674e-01
3.188052003856710059e-01
3.250465948048197884e-01
3.312892504477575328e-01
3.375329956380270779e-01
3.437776800170249114e-01
3.500231721931273965e-01
3.562693576099578152e-01
3.625161366180467692e-01
3.687634227347704741e-01
3.750111410780851973e-01
3.812592269602310679e-01
3.875076246282085357e-01
3.937562861384910073e-01
4.000051703540720149e-01
4.062542420525944165e-01
4.125034711349286898e-01
4.187528319241886066e-01
4.250023025457601022e-01
4.312518643794929218e-01
4.375015015757288683e-01
4.437512006273447995e-01
4.500009499904313870e-01
4.562507397466296633e-01
4.625005613004837812e-01
4.687504071054403587e-01
4.750002704123198471e-01
4.812501450341909459e-01
4.875000251216042302e-01
4.937499049420150388e-01
4.999997786570089531e-01
5.062496400905024396e-01
5.124994824804463001e-01
5.187492982055237345e-01
5.249990784767377683e-01
5.312488129811219206e-01
5.374984894602168328e-01
5.437480931974574272e-01
5.499976063722352704e-01
5.562470072053984360e-01
5.624962687526832150e-01
5.687453570581313400e-01
5.749942280691826557e-01
5.812428220397285461e-01
5.874910526624637086e-01
5.937387848773618693e-01
5.999857879335296351e-01
6.062316336677799899e-01
6.124754722282006458e-01
6.187155311380162503e-01
6.249479846736467614e-01
6.311643790606984439e-01
6.373457216748315002e-01
6.434488142280844203e-01
6.493744601309695552e-01
6.548932126524850128e-01
6.594720785371070981e-01
6.618746910674687678e-01
6.592730384582115022e-01
6.454735145360053217e-01
6.083743684842335409e-01
5.304248229646501001e-01
4.034397392528965565e-01
2.550539919185889071e-01
1.346640594154827619e-01
6.255807698503756953e-02
2.701254656713947266e-02
1.122597973280903272e-02
4.569134354562132128e-03
1.835720972936771833e-03
7.305301689613935556e-04
2.884191131568500377e-04
1.130747991503200378e-04
4.405575579132653408e-05
1.707394113240057187e-05
6.590319288894697092e-06
2.538062697628185038e-06
9.777650439857232811e-07
3.781380432665848446e-07
1.475074330320458316e-07
5.838607236574588910e-08
2.360916578902916285e-08
9.818283235041302959e-09
4.221243771196370176e-09
1.880703474899103611e-09
8.673862461616721475e-10
4.126792796377287686e-10
2.020984976591755355e-10
1.028082827203569138e-10
5.702532890339284677e-11
3.953960769909059536e-11
4.059860780891710874e-11
5.936419411600724061e-11
1.023782170150866477e-10
1.852312192518468237e-10
3.373756413127537712e-10
6.112030048743832822e-10
1.097679586115063444e-09
1.952437614360924556e-09
3.438530640775816494e-09
5.995531876523685355e-09
1.034978358571692070e-08
1.768810642399643029e-08
2.992807729418345275e-08
5.013325816982661109e-08
8.314298613476545086e-08
1.365152710181005702e-07
2.219199825431728001e-07
3.571699988963450423e-07
5.691423798498407294e-07
