7.491847613684958088e-07
7.897286408919694825e-07
9.150806263836604567e-07
1.136676578935347579e-06
1.474506998693395149e-06
1.958564962857572932e-06
2.630978364291249486e-06
3.548934968557025196e-06
4.788544354396960867e-06
6.449819931468089936e-06
8.663007019567574808e-06
1.159653007290934205e-05
1.546688362510152906e-05
2.055084752803717655e-05
2.720046664116718173e-05
3.586129823277083001e-05
4.709449507542952482e-05
6.160335700449250974e-05
8.026504604731367202e-05
1.041682168555035074e-04
1.346573610578714756e-04
1.733846965252389940e-04
2.223704446735973693e-04
2.840723243551110887e-04
3.614650421834688450e-04
4.581304688037144963e-04
5.783590499374739388e-04
7.272628021098068553e-04
9.108999774257630017e-04
1.136411142493799894e-03
1.412165997455052530e-03
1.747919758289037152e-03
2.154977337398235847e-03
2.646362886412613642e-03
3.236991516879644815e-03
3.943839200495220451e-03
4.786105987064997146e-03
5.785366788054260856e-03
6.965703085256361171e-03
8.353808072815148769e-03
9.979056967825345945e-03
1.187353357661970546e-02
1.407200373121691474e-02
1.661182596725665692e-02
1.953278985509748766e-02
2.287687277276056683e-02
2.668790667102301575e-02
3.101114756856662713e-02
3.589274215811080054e-02
4.137908801947356996e-02
4.751608652046483694e-02
5.434829052053555959e-02
6.191795243047751307e-02
7.026398195694004423e-02
7.942082687987375711e-02
8.941729435826663297e-02
1.002753343958785043e-01
1.120088110670932058e-01
1.246222907316463374e-01
1.381098795769373500e-01
1.524541452370115902e-01
1.676251587750935967e-01
1.835796938245706778e-01
2.002606190292626764e-01
2.175965180090365381e-01
2.355015678447325844e-01
2.538757025184841809e-01
2.726050819071959563e-01
2.915628799103603952e-01
3.106103972569810856e-01
3.295984956940963828e-01
3.483693408734235275e-01
3.667584316284444035e-01
3.845968838054403816e-01
4.017139277329225266e-01
4.179395701399096774e-01
4.331073642095426557e-01
4.470572257958270179e-01
4.596382299108905944e-01
4.707113196226243024e-01
4.801518596334870548e-01
4.878519691074784115e-01
4.937225727566415534e-01
4.976951156883393512e-01
4.997228958622665917e-01
4.997819779491877723e-01
4.978716635891528020e-01
4.940145051313066804e-01
4.882558624773477574e-01
4.806630152039529924e-01
4.713238542632927075e-01
4.603451888305695738e-01
4.478507138958554012e-01
4.339786926492075203e-01
4.188794143150834648e-01
4.027124926626485246e-01
3.856440728450233335e-01
3.678440144797712752e-01
3.494831170379193996e-01
3.307304497999071780e-01
3.117508430750176029e-01
2.927025903363067449e-01
2.737354027082375962e-01
2.549886482034555146e-01
2.365898985933673482e-01
2.186537971687794180e-01
2.012812512378679142e-01
1.845589443259281759e-01
1.685591549503253628e-01
1.533398617611182457e-01
1.389451089257000560e-01
1.254056009993442800e-01
1.127394932117292553e-01
1.009533411070168973e-01
9.004317274791158454e-02
7.999564713591614251e-02
7.078926398036480827e-02
6.239559231175477449e-02
5.478048850786743779e-02
4.790527790395184005e-02
4.172787811121025925e-02
3.620384629871179621e-02
3.128733684448185143e-02
2.693195979221764055e-02
2.309153434278121003e-02
1.972073507053375210e-02
1.677563161412503473e-02
1.421412520418078446e-02
1.199628753356626019e-02
1.008460914704055120e-02
8.444165741161930444e-03
7.042711551470881223e-03
5.850709402632037030e-03
4.841307056376997243e-03
3.990269264254954137e-03
3.275874471932014101e-03
2.678784482591600822e-03
2.181894620145730969e-03
1.770171085139741682e-03
1.430481309073251307e-03
1.151422221765655354e-03
9.231504806275418577e-04
7.372178931969914934e-04
5.864145117188972363e-04
4.646212026579139647e-04
3.666729007929391167e-04
2.882332496056868578e-04
2.256809056551255677e-04
1.760074406843181900e-04
1.367265054613338315e-04
1.057937165222700598e-04
8.153658320264213087e-05
6.259369893558580135e-05
4.786236992415868479e-05
3.645383769108682373e-05
2.765526256747261516e-05
2.089766634086846555e-05
1.572907812551671810e-05
1.179218332871362952e-05
8.805837144541536638e-06
6.549868038877494855e-06
4.852660690329152403e-06
3.581069705138692764e-06
2.632274021633916784e-06
1.927235980626574008e-06
1.405478369912750127e-06
1.020936925225777742e-06
7.386847469939154005e-07
5.323592744533261544e-07
3.821518713821948464e-07
2.732452576081249108e-07
1.946053381619181529e-07
1.380518833628711084e-07
9.754733246944160066e-08
6.865527902225508389e-08
4.813023020360576510e-08
3.360836874830017676e-08
2.337557938243411686e-08
1.619432256796871412e-08
1.117503041285943971e-08
7.681041288745896105e-09
5.258682123872122832e-09
3.586074539373869941e-09
2.435831102437753577e-09
1.648011873581442074e-09
1.110605281420498260e-09
7.454949221749583803e-10
4.984439205580598568e-10
3.319536171361878323e-10
2.202059357810325364e-10
1.455063476908566090e-10
9.577822093053645305e-11
6.281236683374822929e-11
4.105561100514470592e-11
2.676922660008066090e-11
1.745107214403182595e-11
1.143494630368168089e-11
7.627597883467767876e-12
5.327816820703503533e-12
4.099740766256350040e-12
3.715179234642878474e-12
4.099759056636235540e-12
5.327827013015460971e-12
7.627768870961726138e-12
1.143466444697991412e-11
1.745102464704281028e-11
2.676899916421088926e-11
4.105577047043068048e-11
6.281219496192953699e-11
9.577789068257346770e-11
1.455067062046595232e-10
2.202063218551350752e-10
3.319530415990760646e-10
4.984436184621089933e-10
7.454949447888646113e-10
1.110605188828882891e-09
1.648012558619174591e-09
2.435831459826511837e-09
3.586074009899564227e-09
5.258681281381556848e-09
7.681041329370223258e-09
1.117503036553988290e-08
1.619432260696992266e-08
2.337557937739172641e-08
3.360836874491288539e-08
4.813023029419990928e-08
6.865527877101230036e-08
9.754733291357288422e-08
1.380518830555758137e-07
1.946053377829739559e-07
2.732452578250289257e-07
3.821518718794202859e-07
5.323592745002339920e-07
7.386847467073807775e-07
1.020936924876805461e-06
1.405478370082109071e-06
1.927235980427256568e-06
2.632274021596955654e-06
3.581069704916497811e-06
4.852660690185764125e-06
6.549868038717057498e-06
8.805837144054280935e-06
1.179218332857899024e-05
1.572907812572673145e-05
2.089766634125535971e-05
2.765526256757094552e-05
3.645383769102103976e-05
4.786236992359170804e-05
6.259369893632194752e-05
8.153658320215436187e-05
1.057937165227631685e-04
1.367265054609780777e-04
1.760074406841307857e-04
2.256809056552287567e-04
2.882332496054213367e-04
3.666729007931049996e-04
4.646212026578728734e-04
5.864145117182506181e-04
7.372178931974998758e-04
9.231504806280725747e-04
1.151422221765243791e-03
1.430481309073223985e-03
1.770171085139767052e-03
2.181894620145603467e-03
2.678784482591613832e-03
3.275874471931850170e-03
3.990269264255223020e-03
4.841307056377115205e-03
5.850709402632255605e-03
7.042711551471048624e-03
8.444165741161878402e-03
1.008460914704079579e-02
1.199628753356620815e-02
1.421412520418076537e-02
1.677563161412472942e-02
1.972073507053424130e-02
2.309153434278173392e-02
2.693195979221780709e-02
3.128733684448171265e-02
3.620384629871169907e-02
4.172787811121084212e-02
4.790527790395136820e-02
5.478048850786804841e-02
6.239559231175496185e-02
7.078926398036541889e-02
7.999564713591636456e-02
9.004317274791089065e-02
1.009533411070178549e-01
1.127394932117292137e-01
1.254056009993437526e-01
1.389451089256982519e-01
1.533398617611178294e-01
1.685591549503255571e-01
1.845589443259271489e-01
2.012812512378682472e-01
2.186537971687807225e-01
2.365898985933668208e-01
2.549886482034560697e-01
2.737354027082352093e-01
2.927025903363078552e-01
3.117508430750182691e-01
3.307304497999065118e-01
3.494831170379203433e-01
3.678440144797717748e-01
3.856440728450241662e-01
4.027124926626483026e-01
4.188794143150837423e-01
4.339786926492070207e-01
4.478507138958536249e-01
4.603451888305691297e-01
4.713238542632922079e-01
4.806630152039528259e-01
4.882558624773481459e-01
4.940145051313061253e-01
4.978716635891540787e-01
4.997819779491878833e-01
4.997228958622660366e-01
4.976951156883394067e-01
4.937225727566414424e-01
4.878519691074788556e-01
4.801518596334876654e-01
4.707113196226226370e-01
4.596382299108909275e-01
4.470572257958270179e-01
4.331073642095426002e-01
4.179395701399090113e-01
4.017139277329222491e-01
3.845968838054404371e-01
3.667584316284450141e-01
3.483693408734237495e-01
3.295984956940958277e-01
3.106103972569809746e-01
2.915628799103592850e-01
2.726050819071969000e-01
2.538757025184834037e-01
2.355015678447323901e-01
2.175965180090344564e-01
2.002606190292628152e-01
1.835796938245711496e-01
1.676251587750935690e-01
1.524541452370106465e-01
1.381098795769365728e-01
1.246222907316464207e-01
1.120088110670928866e-01
1.002753343958778381e-01
8.941729435826629990e-02
7.942082687987395140e-02
7.026398195694021076e-02
6.191795243047835962e-02
5.434829052053574694e-02
4.751608652046449000e-02
4.137908801947316750e-02
3.589274215811108504e-02
3.101114756856644672e-02
2.668790667102323780e-02
2.287687277276029274e-02
1.953278985509715113e-02
1.661182596725653202e-02
1.407200373121695464e-02
1.187353357661983209e-02
9.979056967825170738e-03
8.353808072814742844e-03
6.965703085256326477e-03
5.785366788054579178e-03
4.786105987065116842e-03
3.943839200495529232e-03
3.236991516879785327e-03
2.646362886412585019e-03
2.154977337398151713e-03
1.747919758289101554e-03
1.412165997454852386e-03
1.136411142493849117e-03
9.108999774260807814e-04
7.272628021096548502e-04
5.783590499372521111e-04
4.581304688041427562e-04
3.614650421836897512e-04
2.840723243551998307e-04
2.223704446737650683e-04
1.733846965257930756e-04
1.346573610579988151e-04
1.041682168558726918e-04
8.026504604784139387e-05
6.160335700468677167e-05
4.709449507539678869e-05
3.586129823271060258e-05
2.720046664086463512e-05
2.055084752853373437e-05
1.546688362509100214e-05
1.159653007275710143e-05
8.663007019360348198e-06
6.449819931273931350e-06
4.788544354082907308e-06
3.548934969117711456e-06
2.630978364529237792e-06
1.958564963260827107e-06
1.474506999017793733e-06
1.136676579404609550e-06
9.150806267711055029e-07
7.897286404760624353e-07
