7.491847613684958088e-07
1.474506998693395149e-06
4.788544354396960867e-06
1.546688362510152906e-05
4.709449507542952482e-05
1.346573610578714756e-04
3.614650421834688450e-04
9.108999774257630017e-04
2.154977337398235847e-03
4.786105987064997146e-03
9.979056967825345945e-03
1.953278985509748766e-02
3.589274215811080054e-02
6.191795243047751307e-02
1.002753343958785043e-01
1.524541452370115902e-01
2.175965180090365381e-01
2.915628799103603952e-01
3.667584316284444035e-01
4.331073642095426557e-01
4.801518596334870548e-01
4.997228958622665917e-01
4.882558624773477574e-01
4.478507138958554012e-01
3.856440728450233335e-01
3.117508430750176029e-01
2.365898985933673482e-01
1.685591549503253628e-01
1.127394932117292553e-01
7.078926398036480827e-02
4.172787811121025925e-02
2.309153434278121003e-02
1.199628753356626019e-02
5.850709402632037030e-03
2.678784482591600822e-03
1.151422221765655354e-03
4.646212026579139647e-04
1.760074406843181900e-04
6.259369893558580135e-05
2.089766634086846555e-05
6.549868038877494855e-06
1.927235980626574008e-06
5.323592744533261544e-07
1.380518833628711084e-07
3.360836874830017676e-08
7.681041288745896105e-09
1.648011873581442074e-09
3.319536171361878323e-10
6.281236683374822929e-11
1.143494630368168089e-11
3.715179234642878474e-12
1.143466444697991412e-11
6.281219496192953699e-11
3.319530415990760646e-10
1.648012558619174591e-09
7.681041329370223258e-09
3.360836874491288539e-08
1.380518830555758137e-07
5.323592745002339920e-07
1.927235980427256568e-06
6.549868038717057498e-06
2.089766634125535971e-05
6.259369893632194752e-05
1.760074406841307857e-04
4.646212026578728734e-04
1.151422221765243791e-03
2.678784482591613832e-03
5.850709402632255605e-03
1.199628753356620815e-02
2.309153434278173392e-02
4.172787811121084212e-02
7.078926398036541889e-02
1.127394932117292137e-01
1.685591549503255571e-01
2.365898985933668208e-01
3.117508430750182691e-01
3.856440728450241662e-01
4.478507138958536249e-01
4.882558624773481459e-01
4.997228958622660366e-01
4.801518596334876654e-01
4.331073642095426002e-01
3.667584316284450141e-01
2.915628799103592850e-01
2.175965180090344564e-01
1.524541452370106465e-01
1.002753343958778381e-01
6.191795243047835962e-02
3.589274215811108504e-02
1.953278985509715113e-02
9.979056967825170738e-03
4.786105987065116842e-03
2.154977337398151713e-03
9.108999774260807814e-04
3.614650421836897512e-04
1.346573610579988151e-04
4.709449507539678869e-05
1.546688362509100214e-05
4.788544354082907308e-06
1.474506999017793733e-06
