8.979216149784807754e-07
2.169229348064627416e-06
5.036311939710103047e-06
1.123827574756042225e-05
2.410522043636009748e-05
4.970480325611204009e-05
9.854256149952056454e-05
1.878741474767853248e-04
3.445349575072476078e-04
6.079475892205310483e-04
1.032671820577035771e-03
1.689620677271186366e-03
2.665031046063165432e-03
4.056578676797401029e-03
5.966676629605649484e-03
8.493819423964293902e-03
1.172351297610710330e-02
1.572055454029211430e-02
2.052408215712500650e-02
2.614605070783884710e-02
3.257293527295047897e-02
3.976982241357548964e-02
4.768577974206630876e-02
5.625946651434531737e-02
6.542422717594637005e-02
7.511224564034235662e-02
8.525762610660975183e-02
9.579846177813283736e-02
1.066780560914570852e-01
1.178454943443977554e-01
1.292557538544231166e-01
1.408695102586948744e-01
1.526527611738738299e-01
1.645763544214665364e-01
1.766154799548096954e-01
1.887491632580636514e-01
2.009597826848588675e-01
2.132326227951046871e-01
2.255554690071778223e-01
2.379182447407292011e-01
2.503126898387745269e-01
2.627320778023088388e-01
2.751709688077679239e-01
2.876249953129958459e-01
3.000906771031322529e-01
3.125652627710223674e-01
3.250465948048197884e-01
3.375329956380270779e-01
3.500231721931273965e-01
3.625161366180467692e-01
3.750111410780851973e-01
3.875076246282085357e-01
4.000051703540720149e-01
4.125034711349286898e-01
4.250023025457601022e-01
4.375015015757288683e-01
4.500009499904313870e-01
4.625005613004837812e-01
4.750002704123198471e-01
4.875000251216042302e-01
4.999997786570089531e-01
5.124994824804463001e-01
5.249990784767377683e-01
5.374984894602168328e-01
5.499976063722352704e-01
5.624962687526832150e-01
5.749942280691826557e-01
5.874910526624637086e-01
5.999857879335296351e-01
6.124754722282006458e-01
6.249479846736467614e-01
6.373457216748315002e-01
6.493744601309695552e-01
6.594720785371070981e-01
6.592730384582115022e-01
6.083743684842335409e-01
4.034397392528965565e-01
1.346640594154827619e-01
2.701254656713947266e-02
4.569134354562132128e-03
7.305301689613935556e-04
1.130747991503200378e-04
1.707394113240057187e-05
2.538062697628185038e-06
3.781380432665848446e-07
5.838607236574588910e-08
9.818283235041302959e-09
1.880703474899103611e-09
4.126792796377287686e-10
1.028082827203569138e-10
3.953960769909059536e-11
5.936419411600724061e-11
1.852312192518468237e-10
6.112030048743832822e-10
1.952437614360924556e-09
5.995531876523685355e-09
1.768810642399643029e-08
5.013325816982661109e-08
1.365152710181005702e-07
3.571699988963450423e-07
